0 1
0 1
0 1
0 1
0 1
0 1
0 1
0 1
0 1
0 1
0 1
0 1
0.69999999999999996 1
0.69999999999999996 1
0.69999999999999996 1
0.69999999999999996 1
0.69999999999999996 1
0.69999999999999996 1
0.69999999999999996 1
0.69999999999999996 1
0.69999999999999996 1
0.69999999999999996 1
0.69999999999999996 1
0.69999999999999996 1
1.3999999999999999 1
1.3999999999999999 1
1.3999999999999999 1
1.3999999999999999 1
1.3999999999999999 1
1.3999999999999999 1
1.3999999999999999 1
1.3999999999999999 1
1.3999999999999999 1
1.3999999999999999 1
1.3999999999999999 1
1.3999999999999999 1
2.0999999999999996 1
2.0999999999999996 1
2.0999999999999996 1
2.0999999999999996 1
2.0999999999999996 1
2.0999999999999996 1
2.0999999999999996 1
2.0999999999999996 1
2.0999999999999996 1
2.0999999999999996 1
2.0999999999999996 1
2.0999999999999996 1
2.7999999999999998 1
2.7999999999999998 1
2.7999999999999998 1
2.7999999999999998 1
2.7999999999999998 1
2.7999999999999998 1
2.7999999999999998 1
2.7999999999999998 1
2.7999999999999998 1
2.7999999999999998 1
2.7999999999999998 1
2.7999999999999998 1
3.5 1
3.5 1
3.5 1
3.5 1
3.5 1
3.5 1
3.5 1
3.5 1
3.5 1
3.5 1
3.5 1
3.5 1
4.2000000000000002 1
4.2000000000000002 1
4.2000000000000002 1
4.2000000000000002 1
4.2000000000000002 1
4.2000000000000002 1
4.2000000000000002 1
4.2000000000000002 1
4.2000000000000002 1
4.2000000000000002 1
4.2000000000000002 1
4.2000000000000002 1
4.9000000000000004 1
4.9000000000000004 1
4.9000000000000004 1
4.9000000000000004 1
4.9000000000000004 1
4.9000000000000004 1
4.9000000000000004 1
4.9000000000000004 1
4.9000000000000004 1
4.9000000000000004 1
4.9000000000000004 1
4.9000000000000004 1
5.6000000000000005 1
5.6000000000000005 1
5.6000000000000005 1
5.6000000000000005 1
5.6000000000000005 1
5.6000000000000005 1
5.6000000000000005 1
5.6000000000000005 1
5.6000000000000005 1
5.6000000000000005 1
5.6000000000000005 1
5.6000000000000005 1
6.3000000000000007 1
6.3000000000000007 1
6.3000000000000007 1
6.3000000000000007 1
6.3000000000000007 1
6.3000000000000007 1
6.3000000000000007 1
6.3000000000000007 1
6.3000000000000007 1
6.3000000000000007 1
6.3000000000000007 1
6.3000000000000007 1
7.0000000000000009 1
7.0000000000000009 1
7.0000000000000009 1
7.0000000000000009 1
7.0000000000000009 1
7.0000000000000009 1
7.0000000000000009 1
7.0000000000000009 1
7.0000000000000009 1
7.0000000000000009 1
7.0000000000000009 1
7.0000000000000009 1
7.7000000000000011 1
7.7000000000000011 1
7.7000000000000011 1
7.7000000000000011 1
7.7000000000000011 1
7.7000000000000011 1
7.7000000000000011 1
7.7000000000000011 1
7.7000000000000011 1
7.7000000000000011 1
7.7000000000000011 1
7.7000000000000011 1
8.4000000000000004 1
8.4000000000000004 1
8.4000000000000004 1
8.4000000000000004 1
8.4000000000000004 1
8.4000000000000004 1
8.4000000000000004 1
8.4000000000000004 1
8.4000000000000004 1
8.4000000000000004 1
8.4000000000000004 1
8.4000000000000004 1
9.0999999999999996 1
9.0999999999999996 1
9.0999999999999996 1
9.0999999999999996 1
9.0999999999999996 1
9.0999999999999996 1
9.0999999999999996 1
9.0999999999999996 1
9.0999999999999996 1
9.0999999999999996 1
9.0999999999999996 1
9.0999999999999996 1
9.7999999999999989 1
9.7999999999999989 1
9.7999999999999989 1
9.7999999999999989 1
9.7999999999999989 1
9.7999999999999989 1
9.7999999999999989 1
9.7999999999999989 1
9.7999999999999989 1
9.7999999999999989 1
9.7999999999999989 1
9.7999999999999989 1
10.499999999999998 1
10.499999999999998 1
10.499999999999998 1
10.499999999999998 1
10.499999999999998 1
10.499999999999998 1
10.499999999999998 1
10.499999999999998 1
10.499999999999998 1
10.499999999999998 1
10.499999999999998 1
10.499999999999998 1
11.199999999999998 1
11.199999999999998 1
11.199999999999998 1
11.199999999999998 1
11.199999999999998 1
11.199999999999998 1
11.199999999999998 1
11.199999999999998 1
11.199999999999998 1
11.199999999999998 1
11.199999999999998 1
11.199999999999998 1
11.899999999999997 1
11.899999999999997 1
11.899999999999997 1
11.899999999999997 1
11.899999999999997 1
11.899999999999997 1
11.899999999999997 1
11.899999999999997 1
11.899999999999997 1
11.899999999999997 1
11.899999999999997 1
11.899999999999997 1
12.599999999999996 1
12.599999999999996 1
12.599999999999996 1
12.599999999999996 1
12.599999999999996 1
12.599999999999996 1
12.599999999999996 1
12.599999999999996 1
12.599999999999996 1
12.599999999999996 1
12.599999999999996 1
12.599999999999996 1
13.299999999999995 1
13.299999999999995 1
13.299999999999995 1
13.299999999999995 1
13.299999999999995 1
13.299999999999995 1
13.299999999999995 1
13.299999999999995 1
13.299999999999995 1
13.299999999999995 1
13.299999999999995 1
13.299999999999995 1
13.999999999999995 1
13.999999999999995 1
13.999999999999995 1
13.999999999999995 1
13.999999999999995 1
13.999999999999995 1
13.999999999999995 1
13.999999999999995 1
13.999999999999995 1
13.999999999999995 1
13.999999999999995 1
13.999999999999995 1
14.699999999999994 1
14.699999999999994 1
14.699999999999994 1
14.699999999999994 1
14.699999999999994 1
14.699999999999994 1
14.699999999999994 1
14.699999999999994 1
14.699999999999994 1
14.699999999999994 1
14.699999999999994 1
14.699999999999994 1
15.399999999999993 1
15.399999999999993 1
15.399999999999993 1
15.399999999999993 1
15.399999999999993 1
15.399999999999993 1
15.399999999999993 1
15.399999999999993 1
15.399999999999993 1
15.399999999999993 1
15.399999999999993 1
15.399999999999993 1
16.099999999999994 1
16.099999999999994 1
16.099999999999994 1
16.099999999999994 1
16.099999999999994 1
16.099999999999994 1
16.099999999999994 1
16.099999999999994 1
16.099999999999994 1
16.099999999999994 1
16.099999999999994 1
16.099999999999994 1
16.799999999999994 1
16.799999999999994 1
16.799999999999994 1
16.799999999999994 1
16.799999999999994 1
16.799999999999994 1
16.799999999999994 1
16.799999999999994 1
16.799999999999994 1
16.799999999999994 1
16.799999999999994 1
16.799999999999994 1
17.499999999999993 1
17.499999999999993 1
17.499999999999993 1
17.499999999999993 1
17.499999999999993 1
17.499999999999993 1
17.499999999999993 1
17.499999999999993 1
17.499999999999993 1
17.499999999999993 1
17.499999999999993 1
17.499999999999993 1
18.199999999999992 1
18.199999999999992 1
18.199999999999992 1
18.199999999999992 1
18.199999999999992 1
18.199999999999992 1
18.199999999999992 1
18.199999999999992 1
18.199999999999992 1
18.199999999999992 1
18.199999999999992 1
18.199999999999992 1
18.899999999999991 1
18.899999999999991 1
18.899999999999991 1
18.899999999999991 1
18.899999999999991 1
18.899999999999991 1
18.899999999999991 1
18.899999999999991 1
18.899999999999991 1
18.899999999999991 1
18.899999999999991 1
18.899999999999991 1
19.599999999999991 1
19.599999999999991 1
19.599999999999991 1
19.599999999999991 1
19.599999999999991 1
19.599999999999991 1
19.599999999999991 1
19.599999999999991 1
19.599999999999991 1
19.599999999999991 1
19.599999999999991 1
19.599999999999991 1
20.29999999999999 1
20.29999999999999 1
20.29999999999999 1
20.29999999999999 1
20.29999999999999 1
20.29999999999999 1
20.29999999999999 1
20.29999999999999 1
20.29999999999999 1
20.29999999999999 1
20.29999999999999 1
20.29999999999999 1
20.999999999999989 1
20.999999999999989 1
20.999999999999989 1
20.999999999999989 1
20.999999999999989 1
20.999999999999989 1
20.999999999999989 1
20.999999999999989 1
20.999999999999989 1
20.999999999999989 1
20.999999999999989 1
20.999999999999989 1
21.699999999999989 1
21.699999999999989 1
21.699999999999989 1
21.699999999999989 1
21.699999999999989 1
21.699999999999989 1
21.699999999999989 1
21.699999999999989 1
21.699999999999989 1
21.699999999999989 1
21.699999999999989 1
21.699999999999989 1
22.399999999999988 1
22.399999999999988 1
22.399999999999988 1
22.399999999999988 1
22.399999999999988 1
22.399999999999988 1
22.399999999999988 1
22.399999999999988 1
22.399999999999988 1
22.399999999999988 1
22.399999999999988 1
22.399999999999988 1
23.099999999999987 1
23.099999999999987 1
23.099999999999987 1
23.099999999999987 1
23.099999999999987 1
23.099999999999987 1
23.099999999999987 1
23.099999999999987 1
23.099999999999987 1
23.099999999999987 1
23.099999999999987 1
23.099999999999987 1
23.799999999999986 1
23.799999999999986 1
23.799999999999986 1
23.799999999999986 1
23.799999999999986 1
23.799999999999986 1
23.799999999999986 1
23.799999999999986 1
23.799999999999986 1
23.799999999999986 1
23.799999999999986 1
23.799999999999986 1
24.499999999999986 1
24.499999999999986 1
24.499999999999986 1
24.499999999999986 1
24.499999999999986 1
24.499999999999986 1
24.499999999999986 1
24.499999999999986 1
24.499999999999986 1
24.499999999999986 1
24.499999999999986 1
24.499999999999986 1
25.199999999999985 1
25.199999999999985 1
25.199999999999985 1
25.199999999999985 1
25.199999999999985 1
25.199999999999985 1
25.199999999999985 1
25.199999999999985 1
25.199999999999985 1
25.199999999999985 1
25.199999999999985 1
25.199999999999985 1
25.899999999999984 1
25.899999999999984 1
25.899999999999984 23.0682
25.899999999999984 1
25.899999999999984 1
25.899999999999984 1
25.899999999999984 1
25.899999999999984 1
25.899999999999984 1
25.899999999999984 1
25.899999999999984 1
25.899999999999984 1
26.599999999999984 1
26.599999999999984 1
26.599999999999984 26.7636
26.599999999999984 1
26.599999999999984 1
26.599999999999984 1
26.599999999999984 1
26.599999999999984 1
26.599999999999984 1
26.599999999999984 1
26.599999999999984 1
26.599999999999984 1
27.299999999999983 1
27.299999999999983 1
27.299999999999983 1
27.299999999999983 1
27.299999999999983 1
27.299999999999983 1
27.299999999999983 1
27.299999999999983 1
27.299999999999983 1
27.299999999999983 1
27.299999999999983 1
27.299999999999983 1
27.999999999999982 1
27.999999999999982 1
27.999999999999982 1
27.999999999999982 1
27.999999999999982 1
27.999999999999982 1
27.999999999999982 1
27.999999999999982 1
27.999999999999982 1
27.999999999999982 1
27.999999999999982 1
27.999999999999982 1
28.699999999999982 1
28.699999999999982 1
28.699999999999982 1
28.699999999999982 1
28.699999999999982 1
28.699999999999982 1
28.699999999999982 1
28.699999999999982 1
28.699999999999982 1
28.699999999999982 1
28.699999999999982 1
28.699999999999982 1
29.399999999999981 1
29.399999999999981 1
29.399999999999981 1
29.399999999999981 1
29.399999999999981 1
29.399999999999981 1
29.399999999999981 1
29.399999999999981 1
29.399999999999981 1
29.399999999999981 1
29.399999999999981 1
29.399999999999981 1
30.09999999999998 1
30.09999999999998 1
30.09999999999998 1
30.09999999999998 1
30.09999999999998 1
30.09999999999998 1
30.09999999999998 1
30.09999999999998 1
30.09999999999998 1
30.09999999999998 1
30.09999999999998 1
30.09999999999998 1
30.799999999999979 1
30.799999999999979 1
30.799999999999979 1
30.799999999999979 1
30.799999999999979 1
30.799999999999979 1
30.799999999999979 1
30.799999999999979 1
30.799999999999979 1
30.799999999999979 1
30.799999999999979 1
30.799999999999979 1
31.499999999999979 1
31.499999999999979 1
31.499999999999979 1
31.499999999999979 1
31.499999999999979 1
31.499999999999979 1
31.499999999999979 1
31.499999999999979 1
31.499999999999979 1
31.499999999999979 1
31.499999999999979 1
31.499999999999979 1
32.199999999999982 1
32.199999999999982 1
32.199999999999982 1
32.199999999999982 1
32.199999999999982 1
32.199999999999982 1
32.199999999999982 1
32.199999999999982 1
32.199999999999982 1
32.199999999999982 1
32.199999999999982 1
32.199999999999982 1
32.899999999999984 1
32.899999999999984 1
32.899999999999984 1
32.899999999999984 1
32.899999999999984 1
32.899999999999984 1
32.899999999999984 1
32.899999999999984 1
32.899999999999984 1
32.899999999999984 1
32.899999999999984 1
32.899999999999984 1
33.599999999999987 1
33.599999999999987 1
33.599999999999987 1
33.599999999999987 1
33.599999999999987 1
33.599999999999987 1
33.599999999999987 1
33.599999999999987 1
33.599999999999987 1
33.599999999999987 1
33.599999999999987 1
33.599999999999987 1
34.29999999999999 1
34.29999999999999 1
34.29999999999999 1
34.29999999999999 1
34.29999999999999 1
34.29999999999999 1
34.29999999999999 1
34.29999999999999 1
34.29999999999999 1
34.29999999999999 1
34.29999999999999 1
34.29999999999999 1
34.999999999999993 1
34.999999999999993 1
34.999999999999993 1
34.999999999999993 1
34.999999999999993 1
34.999999999999993 1
34.999999999999993 1
34.999999999999993 1
34.999999999999993 1
34.999999999999993 1
34.999999999999993 1
34.999999999999993 1
35.699999999999996 1
35.699999999999996 1
35.699999999999996 1
35.699999999999996 1
35.699999999999996 1
35.699999999999996 1
35.699999999999996 1
35.699999999999996 1
35.699999999999996 1
35.699999999999996 1
35.699999999999996 1
35.699999999999996 1
36.399999999999999 1
36.399999999999999 1
36.399999999999999 1
36.399999999999999 1
36.399999999999999 1
36.399999999999999 1
36.399999999999999 1
36.399999999999999 1
36.399999999999999 1
36.399999999999999 1
36.399999999999999 1
36.399999999999999 1
37.100000000000001 1
37.100000000000001 1
37.100000000000001 1
37.100000000000001 1
37.100000000000001 1
37.100000000000001 1
37.100000000000001 1
37.100000000000001 1
37.100000000000001 1
37.100000000000001 1
37.100000000000001 1
37.100000000000001 1
37.800000000000004 1
37.800000000000004 1
37.800000000000004 1
37.800000000000004 1
37.800000000000004 1
37.800000000000004 1
37.800000000000004 1
37.800000000000004 1
37.800000000000004 1
37.800000000000004 1
37.800000000000004 1
37.800000000000004 1
38.500000000000007 1
38.500000000000007 1
38.500000000000007 1
38.500000000000007 1
38.500000000000007 1
38.500000000000007 1
38.500000000000007 1
38.500000000000007 1
38.500000000000007 1
38.500000000000007 1
38.500000000000007 1
38.500000000000007 1
39.20000000000001 1
39.20000000000001 1
39.20000000000001 1
39.20000000000001 1
39.20000000000001 1
39.20000000000001 1
39.20000000000001 1
39.20000000000001 1
39.20000000000001 1
39.20000000000001 1
39.20000000000001 1
39.20000000000001 1
39.900000000000013 1
39.900000000000013 1
39.900000000000013 1
39.900000000000013 1
39.900000000000013 1
39.900000000000013 1
39.900000000000013 1
39.900000000000013 1
39.900000000000013 1
39.900000000000013 1
39.900000000000013 1
39.900000000000013 1
40.600000000000016 1
40.600000000000016 1
40.600000000000016 1
40.600000000000016 1
40.600000000000016 1
40.600000000000016 1
40.600000000000016 1
40.600000000000016 1
40.600000000000016 1
40.600000000000016 1
40.600000000000016 1
40.600000000000016 1
41.300000000000018 1
41.300000000000018 1
41.300000000000018 1
41.300000000000018 1
41.300000000000018 1
41.300000000000018 1
41.300000000000018 1
41.300000000000018 1
41.300000000000018 1
41.300000000000018 1
41.300000000000018 1
41.300000000000018 1
42.000000000000021 1
42.000000000000021 1
42.000000000000021 1
42.000000000000021 1
42.000000000000021 1
42.000000000000021 1
42.000000000000021 1
42.000000000000021 1
42.000000000000021 1
42.000000000000021 1
42.000000000000021 1
42.000000000000021 1
42.700000000000024 1
42.700000000000024 1
42.700000000000024 1
42.700000000000024 1
42.700000000000024 1
42.700000000000024 1
42.700000000000024 1
42.700000000000024 1
42.700000000000024 1
42.700000000000024 1
42.700000000000024 1
42.700000000000024 1
43.400000000000027 1
43.400000000000027 1
43.400000000000027 1
43.400000000000027 1
43.400000000000027 1
43.400000000000027 1
43.400000000000027 1
43.400000000000027 1
43.400000000000027 1
43.400000000000027 1
43.400000000000027 1
43.400000000000027 1
44.10000000000003 1
44.10000000000003 1
44.10000000000003 1
44.10000000000003 1
44.10000000000003 1
44.10000000000003 1
44.10000000000003 1
44.10000000000003 1
44.10000000000003 1
44.10000000000003 1
44.10000000000003 1
44.10000000000003 1
44.800000000000033 1
44.800000000000033 1
44.800000000000033 1
44.800000000000033 1
44.800000000000033 1
44.800000000000033 1
44.800000000000033 1
44.800000000000033 1
44.800000000000033 1
44.800000000000033 1
44.800000000000033 1
44.800000000000033 1
45.500000000000036 1
45.500000000000036 1
45.500000000000036 1
45.500000000000036 1
45.500000000000036 1
45.500000000000036 1
45.500000000000036 1
45.500000000000036 1
45.500000000000036 1
45.500000000000036 1
45.500000000000036 1
45.500000000000036 1
46.200000000000038 1
46.200000000000038 1
46.200000000000038 1
46.200000000000038 1
46.200000000000038 1
46.200000000000038 1
46.200000000000038 1
46.200000000000038 1
46.200000000000038 1
46.200000000000038 1
46.200000000000038 1
46.200000000000038 1
46.900000000000041 1
46.900000000000041 1
46.900000000000041 1
46.900000000000041 12.0775
46.900000000000041 1
46.900000000000041 1
46.900000000000041 1
46.900000000000041 1
46.900000000000041 1
46.900000000000041 1
46.900000000000041 1
46.900000000000041 1
47.600000000000044 1
47.600000000000044 1
47.600000000000044 1
47.600000000000044 18.6091
47.600000000000044 1
47.600000000000044 1
47.600000000000044 1
47.600000000000044 1
47.600000000000044 1
47.600000000000044 1
47.600000000000044 1
47.600000000000044 1
48.300000000000047 1
48.300000000000047 1
48.300000000000047 1
48.300000000000047 23.6757
48.300000000000047 1
48.300000000000047 1
48.300000000000047 1
48.300000000000047 1
48.300000000000047 1
48.300000000000047 1
48.300000000000047 1
48.300000000000047 1
49.00000000000005 1
49.00000000000005 1
49.00000000000005 1
49.00000000000005 27.6169
49.00000000000005 1
49.00000000000005 1
49.00000000000005 1
49.00000000000005 1
49.00000000000005 1
49.00000000000005 1
49.00000000000005 1
49.00000000000005 1
49.700000000000053 1
49.700000000000053 1
49.700000000000053 1
49.700000000000053 31.3181
49.700000000000053 1
49.700000000000053 1
49.700000000000053 1
49.700000000000053 1
49.700000000000053 1
49.700000000000053 1
49.700000000000053 1
49.700000000000053 1
50.400000000000055 1
50.400000000000055 1
50.400000000000055 1
50.400000000000055 34.5387
50.400000000000055 1
50.400000000000055 1
50.400000000000055 1
50.400000000000055 1
50.400000000000055 1
50.400000000000055 1
50.400000000000055 1
50.400000000000055 1
51.100000000000058 1
51.100000000000058 1
51.100000000000058 1
51.100000000000058 37.4032
51.100000000000058 1
51.100000000000058 1
51.100000000000058 1
51.100000000000058 1
51.100000000000058 1
51.100000000000058 1
51.100000000000058 1
51.100000000000058 1
51.800000000000061 1
51.800000000000061 1
51.800000000000061 1
51.800000000000061 39.9883
51.800000000000061 1
51.800000000000061 1
51.800000000000061 1
51.800000000000061 1
51.800000000000061 1
51.800000000000061 1
51.800000000000061 1
51.800000000000061 1
52.500000000000064 1
52.500000000000064 1
52.500000000000064 1
52.500000000000064 42.6747
52.500000000000064 1
52.500000000000064 1
52.500000000000064 1
52.500000000000064 1
52.500000000000064 1
52.500000000000064 1
52.500000000000064 1
52.500000000000064 1
53.200000000000067 1
53.200000000000067 1
53.200000000000067 1
53.200000000000067 45.2016
53.200000000000067 1
53.200000000000067 1
53.200000000000067 1
53.200000000000067 1
53.200000000000067 1
53.200000000000067 1
53.200000000000067 1
53.200000000000067 1
53.90000000000007 1
53.90000000000007 1
53.90000000000007 1
53.90000000000007 47.3628
53.90000000000007 1
53.90000000000007 1
53.90000000000007 1
53.90000000000007 1
53.90000000000007 1
53.90000000000007 1
53.90000000000007 1
53.90000000000007 1
54.600000000000072 1
54.600000000000072 1
54.600000000000072 1
54.600000000000072 49.4902
54.600000000000072 1
54.600000000000072 1
54.600000000000072 1
54.600000000000072 1
54.600000000000072 1
54.600000000000072 1
54.600000000000072 1
54.600000000000072 1
55.300000000000075 1
55.300000000000075 1
55.300000000000075 1
55.300000000000075 51.5104
55.300000000000075 1
55.300000000000075 1
55.300000000000075 1
55.300000000000075 1
55.300000000000075 1
55.300000000000075 1
55.300000000000075 1
55.300000000000075 1
56.000000000000078 1
56.000000000000078 1
56.000000000000078 1
56.000000000000078 1
56.000000000000078 1
56.000000000000078 1
56.000000000000078 1
56.000000000000078 1
56.000000000000078 1
56.000000000000078 1
56.000000000000078 1
56.000000000000078 1
56.700000000000081 1
56.700000000000081 1
56.700000000000081 1
56.700000000000081 1
56.700000000000081 1
56.700000000000081 1
56.700000000000081 1
56.700000000000081 1
56.700000000000081 1
56.700000000000081 1
56.700000000000081 1
56.700000000000081 1
57.400000000000084 1
57.400000000000084 1
57.400000000000084 1
57.400000000000084 1
57.400000000000084 1
57.400000000000084 1
57.400000000000084 1
57.400000000000084 1
57.400000000000084 1
57.400000000000084 1
57.400000000000084 1
57.400000000000084 1
58.100000000000087 1
58.100000000000087 1
58.100000000000087 1
58.100000000000087 1
58.100000000000087 1
58.100000000000087 1
58.100000000000087 1
58.100000000000087 1
58.100000000000087 1
58.100000000000087 1
58.100000000000087 1
58.100000000000087 1
58.80000000000009 1
58.80000000000009 1
58.80000000000009 1
58.80000000000009 1
58.80000000000009 1
58.80000000000009 1
58.80000000000009 1
58.80000000000009 1
58.80000000000009 1
58.80000000000009 1
58.80000000000009 1
58.80000000000009 1
59.500000000000092 1
59.500000000000092 1
59.500000000000092 1
59.500000000000092 1
59.500000000000092 1
59.500000000000092 1
59.500000000000092 1
59.500000000000092 1
59.500000000000092 1
59.500000000000092 1
59.500000000000092 1
59.500000000000092 1
60.200000000000095 1
60.200000000000095 1
60.200000000000095 1
60.200000000000095 1
60.200000000000095 1
60.200000000000095 1
60.200000000000095 1
60.200000000000095 1
60.200000000000095 1
60.200000000000095 1
60.200000000000095 1
60.200000000000095 1
60.900000000000098 1
60.900000000000098 1
60.900000000000098 1
60.900000000000098 1
60.900000000000098 1
60.900000000000098 1
60.900000000000098 1
60.900000000000098 1
60.900000000000098 1
60.900000000000098 1
60.900000000000098 1
60.900000000000098 1
61.600000000000101 1
61.600000000000101 1
61.600000000000101 1
61.600000000000101 1
61.600000000000101 1
61.600000000000101 1
61.600000000000101 1
61.600000000000101 1
61.600000000000101 1
61.600000000000101 1
61.600000000000101 1
61.600000000000101 1
62.300000000000104 1
62.300000000000104 1
62.300000000000104 1
62.300000000000104 1
62.300000000000104 1
62.300000000000104 1
62.300000000000104 1
62.300000000000104 1
62.300000000000104 1
62.300000000000104 1
62.300000000000104 1
62.300000000000104 1
63.000000000000107 1
63.000000000000107 1
63.000000000000107 1
63.000000000000107 1
63.000000000000107 1
63.000000000000107 1
63.000000000000107 1
63.000000000000107 1
63.000000000000107 1
63.000000000000107 1
63.000000000000107 1
63.000000000000107 1
63.700000000000109 1
63.700000000000109 1
63.700000000000109 1
63.700000000000109 1
63.700000000000109 1
63.700000000000109 1
63.700000000000109 1
63.700000000000109 1
63.700000000000109 1
63.700000000000109 1
63.700000000000109 1
63.700000000000109 1
64.400000000000105 1
64.400000000000105 1
64.400000000000105 1
64.400000000000105 1
64.400000000000105 1
64.400000000000105 1
64.400000000000105 1
64.400000000000105 1
64.400000000000105 1
64.400000000000105 1
64.400000000000105 1
64.400000000000105 1
65.100000000000108 1
65.100000000000108 1
65.100000000000108 1
65.100000000000108 1
65.100000000000108 1
65.100000000000108 1
65.100000000000108 1
65.100000000000108 1
65.100000000000108 1
65.100000000000108 1
65.100000000000108 1
65.100000000000108 1
65.800000000000111 1
65.800000000000111 1
65.800000000000111 1
65.800000000000111 1
65.800000000000111 1
65.800000000000111 1
65.800000000000111 1
65.800000000000111 1
65.800000000000111 1
65.800000000000111 1
65.800000000000111 1
65.800000000000111 1
66.500000000000114 1
66.500000000000114 1
66.500000000000114 1
66.500000000000114 1
66.500000000000114 1
66.500000000000114 1
66.500000000000114 1
66.500000000000114 1
66.500000000000114 1
66.500000000000114 1
66.500000000000114 1
66.500000000000114 1
67.200000000000117 1
67.200000000000117 1
67.200000000000117 1
67.200000000000117 1
67.200000000000117 1
67.200000000000117 1
67.200000000000117 1
67.200000000000117 1
67.200000000000117 1
67.200000000000117 1
67.200000000000117 1
67.200000000000117 1
67.900000000000119 1
67.900000000000119 1
67.900000000000119 1
67.900000000000119 1
67.900000000000119 1
67.900000000000119 1
67.900000000000119 1
67.900000000000119 1
67.900000000000119 1
67.900000000000119 1
67.900000000000119 1
67.900000000000119 1
68.600000000000122 1
68.600000000000122 1
68.600000000000122 1
68.600000000000122 1
68.600000000000122 1
68.600000000000122 1
68.600000000000122 1
68.600000000000122 1
68.600000000000122 1
68.600000000000122 1
68.600000000000122 1
68.600000000000122 1
69.300000000000125 1
69.300000000000125 1
69.300000000000125 1
69.300000000000125 1
69.300000000000125 1
69.300000000000125 1
69.300000000000125 1
69.300000000000125 1
69.300000000000125 1
69.300000000000125 1
69.300000000000125 1
69.300000000000125 1
70.000000000000128 1
70.000000000000128 1
70.000000000000128 1
70.000000000000128 1
70.000000000000128 1
70.000000000000128 1
70.000000000000128 1
70.000000000000128 1
70.000000000000128 1
70.000000000000128 1
70.000000000000128 1
70.000000000000128 1
70.700000000000131 1
70.700000000000131 1
70.700000000000131 1
70.700000000000131 1
70.700000000000131 1
70.700000000000131 1
70.700000000000131 1
70.700000000000131 1
70.700000000000131 1
70.700000000000131 1
70.700000000000131 1
70.700000000000131 1
71.400000000000134 1
71.400000000000134 1
71.400000000000134 1
71.400000000000134 1
71.400000000000134 1
71.400000000000134 1
71.400000000000134 1
71.400000000000134 1
71.400000000000134 1
71.400000000000134 1
71.400000000000134 1
71.400000000000134 1
72.100000000000136 1
72.100000000000136 1
72.100000000000136 1
72.100000000000136 1
72.100000000000136 1
72.100000000000136 1
72.100000000000136 1
72.100000000000136 1
72.100000000000136 1
72.100000000000136 1
72.100000000000136 1
72.100000000000136 1
72.800000000000139 1
72.800000000000139 1
72.800000000000139 1
72.800000000000139 1
72.800000000000139 1
72.800000000000139 1
72.800000000000139 1
72.800000000000139 1
72.800000000000139 1
72.800000000000139 1
72.800000000000139 1
72.800000000000139 1
73.500000000000142 1
73.500000000000142 1
73.500000000000142 1
73.500000000000142 1
73.500000000000142 1
73.500000000000142 1
73.500000000000142 1
73.500000000000142 1
73.500000000000142 1
73.500000000000142 1
73.500000000000142 1
73.500000000000142 1
74.200000000000145 1
74.200000000000145 1
74.200000000000145 1
74.200000000000145 1
74.200000000000145 1
74.200000000000145 1
74.200000000000145 1
74.200000000000145 1
74.200000000000145 1
74.200000000000145 1
74.200000000000145 1
74.200000000000145 1
74.900000000000148 1
74.900000000000148 1
74.900000000000148 1
74.900000000000148 1
74.900000000000148 1
74.900000000000148 1
74.900000000000148 1
74.900000000000148 1
74.900000000000148 1
74.900000000000148 1
74.900000000000148 1
74.900000000000148 1
75.600000000000151 1
75.600000000000151 1
75.600000000000151 1
75.600000000000151 1
75.600000000000151 1
75.600000000000151 1
75.600000000000151 1
75.600000000000151 1
75.600000000000151 1
75.600000000000151 1
75.600000000000151 1
75.600000000000151 1
76.300000000000153 1
76.300000000000153 1
76.300000000000153 1
76.300000000000153 1
76.300000000000153 1
76.300000000000153 1
76.300000000000153 1
76.300000000000153 1
76.300000000000153 1
76.300000000000153 1
76.300000000000153 1
76.300000000000153 1
77.000000000000156 1
77.000000000000156 1
77.000000000000156 1
77.000000000000156 1
77.000000000000156 1
77.000000000000156 1
77.000000000000156 1
77.000000000000156 1
77.000000000000156 1
77.000000000000156 1
77.000000000000156 1
77.000000000000156 1
77.700000000000159 1
77.700000000000159 1
77.700000000000159 1
77.700000000000159 1
77.700000000000159 1
77.700000000000159 1
77.700000000000159 1
77.700000000000159 1
77.700000000000159 1
77.700000000000159 1
77.700000000000159 1
77.700000000000159 1
78.400000000000162 1
78.400000000000162 1
78.400000000000162 1
78.400000000000162 1
78.400000000000162 1
78.400000000000162 1
78.400000000000162 1
78.400000000000162 1
78.400000000000162 1
78.400000000000162 1
78.400000000000162 1
78.400000000000162 1
79.100000000000165 1
79.100000000000165 1
79.100000000000165 1
79.100000000000165 1
79.100000000000165 1
79.100000000000165 1
79.100000000000165 1
79.100000000000165 1
79.100000000000165 1
79.100000000000165 1
79.100000000000165 1
79.100000000000165 1
79.800000000000168 1
79.800000000000168 1
79.800000000000168 1
79.800000000000168 1
79.800000000000168 1
79.800000000000168 1
79.800000000000168 1
79.800000000000168 1
79.800000000000168 1
79.800000000000168 1
79.800000000000168 1
79.800000000000168 1
80.500000000000171 1
80.500000000000171 1
80.500000000000171 1
80.500000000000171 1
80.500000000000171 1
80.500000000000171 1
80.500000000000171 1
80.500000000000171 1
80.500000000000171 1
80.500000000000171 1
80.500000000000171 1
80.500000000000171 1
81.200000000000173 1
81.200000000000173 1
81.200000000000173 1
81.200000000000173 1
81.200000000000173 1
81.200000000000173 1
81.200000000000173 1
81.200000000000173 1
81.200000000000173 1
81.200000000000173 1
81.200000000000173 1
81.200000000000173 1
81.900000000000176 1
81.900000000000176 1
81.900000000000176 1
81.900000000000176 1
81.900000000000176 1
81.900000000000176 1
81.900000000000176 1
81.900000000000176 1
81.900000000000176 1
81.900000000000176 1
81.900000000000176 1
81.900000000000176 1
82.600000000000179 1
82.600000000000179 1
82.600000000000179 1
82.600000000000179 1
82.600000000000179 1
82.600000000000179 1
82.600000000000179 1
82.600000000000179 1
82.600000000000179 1
82.600000000000179 1
82.600000000000179 1
82.600000000000179 1
83.300000000000182 1
83.300000000000182 1
83.300000000000182 1
83.300000000000182 1
83.300000000000182 1
83.300000000000182 1
83.300000000000182 1
83.300000000000182 1
83.300000000000182 1
83.300000000000182 1
83.300000000000182 1
83.300000000000182 1
84.000000000000185 1
84.000000000000185 1
84.000000000000185 1
84.000000000000185 1
84.000000000000185 1
84.000000000000185 1
84.000000000000185 1
84.000000000000185 1
84.000000000000185 1
84.000000000000185 1
84.000000000000185 1
84.000000000000185 1
84.700000000000188 1
84.700000000000188 1
84.700000000000188 1
84.700000000000188 1
84.700000000000188 1
84.700000000000188 1
84.700000000000188 1
84.700000000000188 1
84.700000000000188 1
84.700000000000188 1
84.700000000000188 1
84.700000000000188 1
