0 1
0.10000000000000001 1
0.20000000000000001 1
0.30000000000000004 1
0.40000000000000002 1
0.5 1
0.59999999999999998 1
0.69999999999999996 2
0.79999999999999993 2
0.89999999999999991 2
0.99999999999999989 2
1.0999999999999999 2
1.2 4
1.3 4
1.4000000000000001 4
1.5000000000000002 4
1.6000000000000003 4
1.7000000000000004 4
1.8000000000000005 8
1.9000000000000006 8
2.0000000000000004 8
2.1000000000000005 8
2.2000000000000006 8
2.3000000000000007 10
2.4000000000000008 14
2.5000000000000009 16
2.600000000000001 16
2.7000000000000011 16
2.8000000000000012 16
2.9000000000000012 20
3.0000000000000013 20.1993
3.1000000000000014 20.2981
3.2000000000000015 20.4456
3.3000000000000016 20.5433
3.4000000000000017 20.592
3.5000000000000018 20.7855
3.6000000000000019 20.9295
3.700000000000002 21.12
3.800000000000002 21.2146
3.9000000000000021 21.2617
4.0000000000000018 21.3557
4.1000000000000014 21.4492
4.2000000000000011 21.4959
4.3000000000000007 21.5888
4.4000000000000004 21.7735
4.5 21.911
4.5999999999999996 22.0022
4.6999999999999993 22.093
4.7999999999999989 22.1834
4.8999999999999986 22.2735
4.9999999999999982 22.3632
5.0999999999999979 22.3632
5.1999999999999975 22.5415
5.2999999999999972 22.7184
5.3999999999999968 22.8502
5.4999999999999964 22.9377
5.5999999999999961 23.0248
5.6999999999999957 23.0682
5.7999999999999954 23.1548
5.899999999999995 23.2411
5.9999999999999947 23.37
6.0999999999999943 23.5407
6.199999999999994 23.6679
6.2999999999999936 23.7523
6.3999999999999932 23.8364
6.4999999999999929 23.9203
6.5999999999999925 24.0038
6.6999999999999922 24.0871
6.7999999999999918 24.2114
6.8999999999999915 24.3762
6.9999999999999911 24.499
7.0999999999999908 24.5806
7.1999999999999904 24.6619
7.2999999999999901 24.7429
7.3999999999999897 24.7834
7.4999999999999893 24.9444
7.599999999999989 25.1043
7.6999999999999886 25.1839
7.7999999999999883 25.3029
7.8999999999999879 25.3819
7.9999999999999876 25.4213
8.0999999999999872 25.4999
8.1999999999999869 25.6564
8.2999999999999865 25.7731
8.3999999999999861 25.8893
8.4999999999999858 25.9665
8.5999999999999854 26.0435
8.6999999999999851 26.1202
8.7999999999999847 26.1585
8.8999999999999844 26.3111
8.999999999999984 26.4628
9.0999999999999837 26.5383
9.1999999999999833 26.6512
9.2999999999999829 26.7262
9.3999999999999826 26.7636
9.4999999999999822 26.8383
9.5999999999999819 26.987
9.6999999999999815 27.098
9.7999999999999812 27.2086
9.8999999999999808 27.3187
9.9999999999999805 27.3553
10.09999999999998 27.4284
10.19999999999998 27.5013
10.299999999999979 27.6102
10.399999999999979 27.7548
10.499999999999979 27.8268
10.599999999999978 27.9345
10.699999999999978 28.006
10.799999999999978 28.0774
10.899999999999977 28.1486
10.999999999999977 28.255
11.099999999999977 28.3611
11.199999999999976 28.4667
11.299999999999976 28.572
11.399999999999975 28.6419
11.499999999999975 28.7117
11.599999999999975 28.7813
11.699999999999974 28.8508
11.799999999999974 28.9546
11.899999999999974 29.0581
11.999999999999973 29.1612
12.099999999999973 29.264
12.199999999999973 29.3323
12.299999999999972 29.4004
12.399999999999972 29.4684
12.499999999999972 29.5363
12.599999999999971 29.6377
12.699999999999971 29.7388
12.799999999999971 29.8396
12.89999999999997 29.94
12.99999999999997 30.0068
13.099999999999969 30.0401
13.199999999999969 30.1398
13.299999999999969 30.2393
13.399999999999968 30.3054
13.499999999999968 30.4043
13.599999999999968 30.5028
13.699999999999967 30.5684
13.799999999999967 30.6338
13.899999999999967 30.7316
13.999999999999966 30.7966
14.099999999999966 30.8939
14.199999999999966 30.9586
14.299999999999965 31.0554
14.399999999999965 31.1519
14.499999999999964 31.184
14.599999999999964 31.2801
14.699999999999964 31.376
14.799999999999963 31.4397
14.899999999999963 31.535
14.999999999999963 31.63
15.099999999999962 31.6932
15.199999999999962 31.7563
15.299999999999962 31.8507
15.399999999999961 31.9134
15.499999999999961 32.0074
15.599999999999961 32.101
15.69999999999996 32.1633
15.79999999999996 32.2564
15.899999999999959 32.3184
15.999999999999959 32.3803
16.099999999999959 32.4728
16.19999999999996 32.5344
16.299999999999962 32.6265
16.399999999999963 32.7184
16.499999999999964 32.7795
16.599999999999966 32.8709
16.699999999999967 32.9317
16.799999999999969 32.9924
16.89999999999997 33.0833
16.999999999999972 33.1739
17.099999999999973 33.2341
17.199999999999974 33.3243
17.299999999999976 33.4143
17.399999999999977 33.4741
17.499999999999979 33.5338
17.59999999999998 33.6232
17.699999999999982 33.6827
17.799999999999983 33.7716
17.899999999999984 33.8604
17.999999999999986 33.9194
18.099999999999987 34.0078
18.199999999999989 34.0666
18.29999999999999 34.1253
18.399999999999991 34.2131
18.499999999999993 34.2715
18.599999999999994 34.359
18.699999999999996 34.4462
18.799999999999997 34.5043
18.899999999999999 34.5912
19 34.649
19.100000000000001 34.7067
19.200000000000003 34.793
19.300000000000004 34.8792
19.400000000000006 34.9365
19.500000000000007 35.0223
19.600000000000009 35.1079
19.70000000000001 35.1648
19.800000000000011 35.2217
19.900000000000013 35.3068
20.000000000000014 35.3634
20.100000000000016 35.4482
20.200000000000017 35.5046
20.300000000000018 35.589
20.40000000000002 35.6732
20.500000000000021 35.7293
20.600000000000023 35.7852
20.700000000000024 35.869
20.800000000000026 35.9247
20.900000000000027 36.0082
21.000000000000028 36.0637
21.10000000000003 36.1468
21.200000000000031 36.2297
21.300000000000033 36.2849
21.400000000000034 36.34
21.500000000000036 36.4225
21.600000000000037 36.5048
21.700000000000038 36.5596
21.80000000000004 36.6143
21.900000000000041 36.6961
22.000000000000043 36.7778
22.100000000000044 36.8322
22.200000000000045 36.8865
22.300000000000047 36.9678
22.400000000000048 37.0488
22.50000000000005 37.1028
22.600000000000051 37.1567
22.700000000000053 37.2374
22.800000000000054 37.3179
22.900000000000055 37.3715
23.000000000000057 37.4517
23.100000000000058 37.5051
23.20000000000006 37.585
23.300000000000061 37.6382
23.400000000000063 37.6913
23.500000000000064 37.7708
23.600000000000065 37.8502
23.700000000000067 37.903
23.800000000000068 37.9821
23.90000000000007 38.0348
24.000000000000071 38.1136
24.100000000000072 38.166
24.200000000000074 38.2184
24.300000000000075 38.2969
24.400000000000077 38.3751
24.500000000000078 38.4272
24.60000000000008 38.5053
24.700000000000081 38.5831
24.800000000000082 38.6349
24.900000000000084 38.6867
25.000000000000085 38.7642
25.100000000000087 38.8158
25.200000000000088 38.893
25.30000000000009 38.9701
25.400000000000091 39.0214
25.500000000000092 39.0982
25.600000000000094 39.1494
25.700000000000095 39.2004
25.800000000000097 39.2769
25.900000000000098 39.3278
26.000000000000099 39.404
26.100000000000101 39.4801
26.200000000000102 39.5308
26.300000000000104 39.6066
26.400000000000105 39.6571
26.500000000000107 39.7075
26.600000000000108 39.783
26.700000000000109 39.8584
26.800000000000111 39.9085
26.900000000000112 39.9837
27.000000000000114 40.0586
27.100000000000115 40.1086
27.200000000000117 40.1584
27.300000000000118 40.2331
27.400000000000119 40.2828
27.500000000000121 40.3572
27.600000000000122 40.4067
27.700000000000124 40.4809
27.800000000000125 40.555
27.900000000000126 40.6043
28.000000000000128 40.6535
28.100000000000129 40.7273
28.200000000000131 40.7764
28.300000000000132 40.8499
28.400000000000134 40.9233
28.500000000000135 40.9722
28.600000000000136 41.0453
28.700000000000138 41.094
28.800000000000139 41.1427
28.900000000000141 41.2156
29.000000000000142 41.2883
29.100000000000144 41.3367
29.200000000000145 41.4093
29.300000000000146 41.4817
29.400000000000148 41.5299
29.500000000000149 41.578
29.600000000000151 41.6261
29.700000000000152 41.6981
29.800000000000153 41.77
29.900000000000155 41.8179
30.000000000000156 41.8896
30.100000000000158 41.9612
30.200000000000159 42.0088
30.300000000000161 42.0564
30.400000000000162 42.1277
30.500000000000163 42.1752
30.600000000000165 42.2463
30.700000000000166 42.3173
30.800000000000168 42.3645
30.900000000000169 42.4353
31.000000000000171 42.4824
31.100000000000172 42.5295
31.200000000000173 42.6
31.300000000000175 42.6703
31.400000000000176 42.7172
31.500000000000178 42.7874
31.600000000000179 42.8341
31.70000000000018 42.9041
31.800000000000182 42.9507
31.900000000000183 42.9973
32.000000000000185 43.067
32.100000000000186 43.1366
32.200000000000188 43.183
32.300000000000189 43.2524
32.40000000000019 43.3217
32.500000000000192 43.3679
32.600000000000193 43.414
32.700000000000195 43.4831
32.800000000000196 43.529
32.900000000000198 43.5979
33.000000000000199 43.6667
33.1000000000002 43.7125
33.200000000000202 43.7811
33.300000000000203 43.8268
33.400000000000205 43.8724
33.500000000000206 43.9407
33.600000000000207 43.9862
33.700000000000209 44.0544
33.80000000000021 44.1225
33.900000000000212 44.1678
34.000000000000213 44.2357
34.100000000000215 44.2809
34.200000000000216 44.326
34.300000000000217 44.3937
34.400000000000219 44.4612
34.50000000000022 44.5062
34.600000000000222 44.5736
34.700000000000223 44.6408
34.800000000000225 44.6856
34.900000000000226 44.7304
35.000000000000227 44.7974
35.100000000000229 44.842
35.20000000000023 44.9089
35.300000000000232 44.9534
35.400000000000233 45.0201
35.500000000000234 45.0867
35.600000000000236 45.1311
35.700000000000237 45.1754
35.800000000000239 45.2418
35.90000000000024 45.286
36.000000000000242 45.3522
36.100000000000243 45.3963
36.200000000000244 45.4623
36.300000000000246 45.5283
36.400000000000247 45.5722
36.500000000000249 45.6161
36.60000000000025 45.6818
36.700000000000252 45.7474
36.800000000000253 45.7911
36.900000000000254 45.8348
37.000000000000256 45.9002
37.100000000000257 45.9656
37.200000000000259 46.0091
37.30000000000026 46.0525
37.400000000000261 46.1176
37.500000000000263 46.1827
37.600000000000264 46.2259
37.700000000000266 46.2692
37.800000000000267 46.334
37.900000000000269 46.3987
38.00000000000027 46.4418
38.100000000000271 46.5064
38.200000000000273 46.5494
38.300000000000274 46.6138
38.400000000000276 46.6567
38.500000000000277 46.6996
38.600000000000279 46.7638
38.70000000000028 46.8279
38.800000000000281 46.8706
38.900000000000283 46.9346
39.000000000000284 46.9985
39.100000000000286 47.041
39.200000000000287 47.0835
39.300000000000288 47.126
39.40000000000029 47.1896
39.500000000000291 47.2532
39.600000000000293 47.2955
39.700000000000294 47.3589
39.800000000000296 47.4222
39.900000000000297 47.4644
40.000000000000298 47.5065
40.1000000000003 47.5696
40.200000000000301 47.6116
40.300000000000303 47.6746
40.400000000000304 47.7375
40.500000000000306 47.7794
40.600000000000307 47.8422
40.700000000000308 47.884
40.80000000000031 47.9257
40.900000000000311 47.9883
41.000000000000313 48.0508
41.100000000000314 48.0924
41.200000000000315 48.1547
41.300000000000317 48.1963
41.400000000000318 48.2585
41.50000000000032 48.2999
41.600000000000321 48.3413
41.700000000000323 48.4034
41.800000000000324 48.4653
41.900000000000325 48.5066
42.000000000000327 48.5684
42.100000000000328 48.6301
42.20000000000033 48.6712
42.300000000000331 48.7123
42.400000000000333 48.7739
42.500000000000334 48.8149
42.600000000000335 48.8763
42.700000000000337 48.9377
42.800000000000338 48.9785
42.90000000000034 49.0398
43.000000000000341 49.0805
43.100000000000342 49.1213
43.200000000000344 49.1823
43.300000000000345 49.223
43.400000000000347 49.2839
43.500000000000348 49.3447
43.60000000000035 49.3853
43.700000000000351 49.446
43.800000000000352 49.4864
43.900000000000354 49.5268
44.000000000000355 49.5874
44.100000000000357 49.6479
44.200000000000358 49.6881
44.30000000000036 49.7485
44.400000000000361 49.8088
44.500000000000362 49.8489
44.600000000000364 49.889
44.700000000000365 49.9491
44.800000000000367 49.9892
44.900000000000368 50.0492
45.000000000000369 50.0891
45.100000000000371 50.149
45.200000000000372 50.2088
45.300000000000374 50.2486
45.400000000000375 50.2884
45.500000000000377 50.348
45.600000000000378 50.3877
45.700000000000379 50.4473
45.800000000000381 50.5067
45.900000000000382 50.5463
46.000000000000384 50.6056
46.100000000000385 50.6451
46.200000000000387 50.6846
46.300000000000388 50.7438
46.400000000000389 50.8029
46.500000000000391 50.8422
46.600000000000392 50.9012
46.700000000000394 50.9601
46.800000000000395 50.9994
46.900000000000396 51.0386
47.000000000000398 51.0778
47.100000000000399 51.1365
47.200000000000401 51.1951
47.300000000000402 51.2342
47.400000000000404 51.2927
47.500000000000405 51.3512
47.600000000000406 51.3901
47.700000000000408 51.429
47.800000000000409 51.4873
47.900000000000411 51.5262
48.000000000000412 51.5844
48.100000000000414 51.6425
48.200000000000415 51.6812
48.300000000000416 51.7393
48.400000000000418 51.7779
48.500000000000419 51.8165
48.600000000000421 51.8744
48.700000000000422 51.9322
48.800000000000423 51.9707
48.900000000000425 52.0284
49.000000000000426 52.0669
49.100000000000428 52.1245
49.200000000000429 52.1628
49.300000000000431 52.2011
49.400000000000432 52.2586
49.500000000000433 52.316
49.600000000000435 52.3542
49.700000000000436 52.4115
49.800000000000438 52.4687
49.900000000000439 52.5068
50.000000000000441 52.5449
50.100000000000442 52.602
50.200000000000443 52.64
50.300000000000445 52.697
50.400000000000446 52.7349
50.500000000000448 52.7918
50.600000000000449 52.8486
50.70000000000045 52.8864
50.800000000000452 52.9242
50.900000000000453 52.9809
51.000000000000455 53.0186
51.100000000000456 53.0752
51.200000000000458 53.1129
51.300000000000459 53.1693
51.40000000000046 53.2257
51.500000000000462 53.2633
51.600000000000463 53.3009
51.700000000000465 53.3571
51.800000000000466 53.4133
51.900000000000468 53.4508
52.000000000000469 53.4882
52.10000000000047 53.5442
52.200000000000472 53.6002
52.300000000000473 53.6376
52.400000000000475 53.6935
52.500000000000476 53.7307
52.600000000000477 53.7865
52.700000000000479 53.8237
52.80000000000048 53.8609
52.900000000000482 53.9165
53.000000000000483 53.9722
53.100000000000485 54.0092
53.200000000000486 54.0647
53.300000000000487 54.1017
53.400000000000489 54.1571
53.50000000000049 54.1941
53.600000000000492 54.231
53.700000000000493 54.2863
53.800000000000495 54.3415
53.900000000000496 54.3783
54.000000000000497 54.4335
54.100000000000499 54.4886
54.2000000000005 54.5253
54.300000000000502 54.5619
54.400000000000503 54.6169
54.500000000000504 54.6535
54.600000000000506 54.7084
54.700000000000507 54.7449
54.800000000000509 54.7997
54.90000000000051 54.8544
55.000000000000512 54.8909
55.100000000000513 54.9273
55.200000000000514 54.9819
55.300000000000516 55.0183
55.400000000000517 55.0728
55.500000000000519 55.1273
55.60000000000052 55.1635
55.700000000000522 55.2179
55.800000000000523 55.2541
55.900000000000524 55.2903
56.000000000000526 55.3445
56.100000000000527 55.3987
56.200000000000529 55.4348
56.30000000000053 55.4889
56.400000000000531 55.543
56.500000000000533 55.579
56.600000000000534 55.615
56.700000000000536 55.6509
56.800000000000537 55.7048
56.900000000000539 55.7586
57.00000000000054 55.7945
57.100000000000541 55.8483
57.200000000000543 55.902
57.300000000000544 55.9377
57.400000000000546 55.9735
57.500000000000547 56.0271
57.600000000000549 56.0627
57.70000000000055 56.1162
57.800000000000551 56.1697
57.900000000000553 56.2053
58.000000000000554 56.2586
58.100000000000556 56.2942
58.200000000000557 56.3297
58.300000000000558 56.3829
58.40000000000056 56.4361
58.500000000000561 56.4716
58.600000000000563 56.5247
58.700000000000564 56.5601
58.800000000000566 56.6131
58.900000000000567 56.6484
59.000000000000568 56.6837
59.10000000000057 56.7366
59.200000000000571 56.7895
59.300000000000573 56.8247
59.400000000000574 56.8775
59.500000000000576 56.9302
59.600000000000577 56.9653
59.700000000000578 57.0004
59.80000000000058 57.053
59.900000000000581 57.0881
60.000000000000583 57.1406
60.100000000000584 57.1931
60.200000000000585 57.2281
60.300000000000587 57.2805
60.400000000000588 57.3154
60.50000000000059 57.3503
60.600000000000591 57.4026
60.700000000000593 57.4374
60.800000000000594 57.4896
60.900000000000595 57.5418
61.000000000000597 57.5765
61.100000000000598 57.6286
61.2000000000006 57.6633
61.300000000000601 57.698
61.400000000000603 57.75
61.500000000000604 57.8019
61.600000000000605 57.8365
61.700000000000607 57.8884
61.800000000000608 57.9402
61.90000000000061 57.9747
62.000000000000611 58.0092
62.100000000000612 58.0609
62.200000000000614 58.0953
62.300000000000615 58.1469
62.400000000000617 58.1813
62.500000000000618 58.2329
62.60000000000062 58.2844
62.700000000000621 58.3187
62.800000000000622 58.353
62.900000000000624 58.4044
63.000000000000625 58.4386
63.100000000000627 58.4899
63.200000000000628 58.5412
63.30000000000063 58.5754
63.400000000000631 58.6266
63.500000000000632 58.6607
63.600000000000634 58.6948
63.700000000000635 58.7459
63.800000000000637 58.7969
63.900000000000638 58.8309
64.000000000000639 58.8819
64.100000000000634 58.9159
64.200000000000628 58.9668
64.300000000000622 59.0007
64.400000000000617 59.0346
64.500000000000611 59.0854
64.600000000000605 59.1362
64.7000000000006 59.17
64.800000000000594 59.2207
64.900000000000588 59.2713
65.000000000000583 59.305
65.100000000000577 59.3388
65.200000000000571 59.3893
65.300000000000566 59.423
65.40000000000056 59.4734
65.500000000000554 59.5071
65.600000000000549 59.5575
65.700000000000543 59.6078
65.800000000000537 59.6414
65.900000000000531 59.6749
66.000000000000526 59.7252
66.10000000000052 59.7586
66.200000000000514 59.8088
66.300000000000509 59.8423
66.400000000000503 59.8924
66.500000000000497 59.9425
66.600000000000492 59.9758
66.700000000000486 60.0092
66.80000000000048 60.0591
66.900000000000475 60.1091
67.000000000000469 60.1423
67.100000000000463 60.1756
67.200000000000458 60.2254
67.300000000000452 60.2752
67.400000000000446 60.3084
67.500000000000441 60.3581
67.600000000000435 60.3913
67.700000000000429 60.4409
67.800000000000423 60.474
67.900000000000418 60.5071
68.000000000000412 60.5567
68.100000000000406 60.6062
68.200000000000401 60.6392
68.300000000000395 60.6886
68.400000000000389 60.7216
68.500000000000384 60.771
68.600000000000378 60.8039
68.700000000000372 60.8368
68.800000000000367 60.8861
68.900000000000361 60.9353
69.000000000000355 60.9681
69.10000000000035 61.0173
69.200000000000344 61.0665
69.300000000000338 61.0992
69.400000000000333 61.132
69.500000000000327 61.181
69.600000000000321 61.2137
69.700000000000315 61.2627
69.80000000000031 61.3117
69.900000000000304 61.3443
70.000000000000298 61.3932
70.100000000000293 61.4257
70.200000000000287 61.4583
70.300000000000281 61.5071
70.400000000000276 61.5396
70.50000000000027 61.5884
70.600000000000264 61.6371
70.700000000000259 61.6695
70.800000000000253 61.7181
70.900000000000247 61.7505
71.000000000000242 61.7829
71.100000000000236 61.8315
71.20000000000023 61.88
71.300000000000225 61.9123
71.400000000000219 61.9607
71.500000000000213 62.0091
71.600000000000207 62.0414
71.700000000000202 62.0736
71.800000000000196 62.1219
71.90000000000019 62.1541
72.000000000000185 62.2024
72.100000000000179 62.2345
72.200000000000173 62.2827
72.300000000000168 62.3309
72.400000000000162 62.363
72.500000000000156 62.395
72.600000000000151 62.4431
72.700000000000145 62.4751
72.800000000000139 62.5231
72.900000000000134 62.5711
73.000000000000128 62.603
73.100000000000122 62.651
73.200000000000117 62.6829
73.300000000000111 62.7148
73.400000000000105 62.7626
73.500000000000099 62.8104
73.600000000000094 62.8422
73.700000000000088 62.89
73.800000000000082 62.9218
73.900000000000077 62.9694
74.000000000000071 63.0012
74.100000000000065 63.0329
74.20000000000006 63.0805
74.300000000000054 63.128
74.400000000000048 63.1597
74.500000000000043 63.2072
74.600000000000037 63.2547
74.700000000000031 63.2863
74.800000000000026 63.3179
74.90000000000002 63.3652
75.000000000000014 63.3968
75.100000000000009 63.4441
75.200000000000003 63.4914
75.299999999999997 63.5229
75.399999999999991 63.5701
75.499999999999986 63.6016
75.59999999999998 63.633
75.699999999999974 63.6801
75.799999999999969 63.7115
75.899999999999963 63.7586
75.999999999999957 63.8056
76.099999999999952 63.837
76.199999999999946 63.884
76.29999999999994 63.9153
76.399999999999935 63.9466
76.499999999999929 63.9935
76.599999999999923 64.0403
76.699999999999918 64.0716
76.799999999999912 64.1184
76.899999999999906 64.1651
76.999999999999901 64.1963
77.099999999999895 64.2275
77.199999999999889 64.2742
77.299999999999883 64.3053
77.399999999999878 64.3519
77.499999999999872 64.3985
77.599999999999866 64.4296
77.699999999999861 64.4761
77.799999999999855 64.5071
77.899999999999849 64.5381
77.999999999999844 64.5846
78.099999999999838 64.6156
78.199999999999832 64.662
78.299999999999827 64.7084
78.399999999999821 64.7393
78.499999999999815 64.7856
78.59999999999981 64.8165
78.699999999999804 64.8473
78.799999999999798 64.8936
78.899999999999793 64.9398
78.999999999999787 64.9706
79.099999999999781 65.0168
79.199999999999775 65.0629
79.29999999999977 65.0936
79.399999999999764 65.1244
79.499999999999758 65.1704
79.599999999999753 65.2011
79.699999999999747 65.2471
79.799999999999741 65.2777
79.899999999999736 65.3237
79.99999999999973 65.3696
80.099999999999724 65.4002
80.199999999999719 65.4308
80.299999999999713 65.4766
80.399999999999707 65.5072
80.499999999999702 65.5529
80.599999999999696 65.5834
80.69999999999969 65.6292
80.799999999999685 65.6749
80.899999999999679 65.7053
80.999999999999673 65.7358
81.099999999999667 65.7814
81.199999999999662 65.827
81.299999999999656 65.8574
81.39999999999965 65.8877
81.499999999999645 65.9333
81.599999999999639 65.9787
81.699999999999633 66.009
81.799999999999628 66.0393
81.899999999999622 66.0848
81.999999999999616 66.1301
82.099999999999611 66.1604
82.199999999999605 66.1906
82.299999999999599 66.2359
82.399999999999594 66.2812
82.499999999999588 66.3114
82.599999999999582 66.3566
82.699999999999577 66.3867
82.799999999999571 66.4319
82.899999999999565 66.462
82.999999999999559 66.4921
83.099999999999554 66.5372
83.199999999999548 66.5823
83.299999999999542 66.6123
83.399999999999537 66.6574
83.499999999999531 66.6874
83.599999999999525 66.7323
83.69999999999952 66.7623
83.799999999999514 66.7923
83.899999999999508 66.8372
83.999999999999503 66.882
84.099999999999497 66.9119
84.199999999999491 66.9568
84.299999999999486 67.0016
84.39999999999948 67.0314
84.499999999999474 67.0612
84.599999999999469 67.106
84.699999999999463 67.1358
84.799999999999457 67.1804
84.899999999999451 67.2251
84.999999999999446 67.2548
85.09999999999944 67.2994
85.199999999999434 67.3291
85.299999999999429 67.3589
85.399999999999423 67.4034
85.499999999999417 67.433
85.599999999999412 67.4775
85.699999999999406 67.522
85.7999999999994 67.5516
85.899999999999395 67.596
85.999999999999389 67.6256
86.099999999999383 67.6551
86.199999999999378 67.6995
86.299999999999372 67.7438
86.399999999999366 67.7733
86.499999999999361 67.8176
86.599999999999355 67.8618
86.699999999999349 67.8913
86.799999999999343 67.9207
86.899999999999338 67.9649
86.999999999999332 67.9943
87.099999999999326 68.0384
87.199999999999321 68.0825
87.299999999999315 68.1119
87.399999999999309 68.1559
87.499999999999304 68.1852
87.599999999999298 68.2146
87.699999999999292 68.2585
87.799999999999287 68.2878
87.899999999999281 68.3318
87.999999999999275 68.3757
88.09999999999927 68.4049
88.199999999999264 68.4487
88.299999999999258 68.478
88.399999999999253 68.5072
88.499999999999247 68.5509
88.599999999999241 68.5947
88.699999999999235 68.6239
88.79999999999923 68.6676
88.899999999999224 68.7112
88.999999999999218 68.7403
89.099999999999213 68.7694
89.199999999999207 68.8131
89.299999999999201 68.8421
89.399999999999196 68.8857
89.49999999999919 68.9147
89.599999999999184 68.9582
89.699999999999179 69.0017
89.799999999999173 69.0307
89.899999999999167 69.0597
89.999999999999162 69.1031
90.099999999999156 69.1321
90.19999999999915 69.1754
90.299999999999145 69.2188
90.399999999999139 69.2477
90.499999999999133 69.291
90.599999999999127 69.3199
90.699999999999122 69.3487
90.799999999999116 69.392
90.89999999999911 69.4352
90.999999999999105 69.464
91.099999999999099 69.5072
91.199999999999093 69.5359
91.299999999999088 69.5791
91.399999999999082 69.6078
91.499999999999076 69.6365
91.599999999999071 69.6796
91.699999999999065 69.7227
91.799999999999059 69.7513
91.899999999999054 69.7943
91.999999999999048 69.8373
92.099999999999042 69.866
92.199999999999037 69.8946
92.299999999999031 69.9375
92.399999999999025 69.9661
92.499999999999019 70.009
92.599999999999014 70.0518
92.699999999999008 70.0803
92.799999999999002 70.1231
92.899999999998997 70.1517
92.999999999998991 70.1802
93.099999999998985 70.2229
93.19999999999898 70.2514
93.299999999998974 70.2941
93.399999999998968 70.3367
93.499999999998963 70.3652
93.599999999998957 70.4078
93.699999999998951 70.4362
93.799999999998946 70.4646
93.89999999999894 70.5072
93.999999999998934 70.5497
94.099999999998929 70.5781
94.199999999998923 70.6206
94.299999999998917 70.663
94.399999999998911 70.6913
94.499999999998906 70.7196
94.5999999999989 70.762
94.699999999998894 70.7903
94.799999999998889 70.8327
94.899999999998883 70.8609
94.999999999998877 70.9032
95.099999999998872 70.9455
95.199999999998866 70.9737
95.29999999999886 71.0019
95.399999999998855 71.0441
95.499999999998849 71.0723
95.599999999998843 71.1145
95.699999999998838 71.1426
95.799999999998832 71.1848
95.899999999998826 71.2269
95.99999999999882 71.255
96.099999999998815 71.283
96.199999999998809 71.3251
96.299999999998803 71.3672
96.399999999998798 71.3952
96.499999999998792 71.4232
96.599999999998786 71.4652
96.699999999998781 71.5072
96.799999999998775 71.5351
96.899999999998769 71.5631
96.999999999998764 71.605
97.099999999998758 71.6469
97.199999999998752 71.6748
97.299999999998747 71.7027
97.399999999998741 71.7445
97.499999999998735 71.7863
97.59999999999873 71.8142
97.699999999998724 71.856
97.799999999998718 71.8838
97.899999999998712 71.9255
97.999999999998707 71.9533
98.099999999998701 71.9811
98.199999999998695 72.0228
98.29999999999869 72.0644
98.399999999998684 72.0922
98.499999999998678 72.1338
98.599999999998673 72.1754
98.699999999998667 72.2031
98.799999999998661 72.2308
98.899999999998656 72.2585
98.99999999999865 72.3
99.099999999998644 72.3415
99.199999999998639 72.3691
99.299999999998633 72.4105
99.399999999998627 72.452
99.499999999998622 72.4796
99.599999999998616 72.5072
99.69999999999861 72.5485
99.799999999998604 72.5761
99.899999999998599 72.6174
99.999999999998593 72.6587
100.09999999999859 72.6863
100.19999999999858 72.7275
100.29999999999858 72.755
100.39999999999857 72.7825
100.49999999999856 72.8237
100.59999999999856 72.8649
100.69999999999855 72.8923
100.79999999999855 72.9335
100.89999999999854 72.9335
100.99999999999854 72.9335
101.09999999999853 72.9335
101.19999999999852 72.9335
101.29999999999852 72.9335
101.39999999999851 72.9335
101.49999999999851 72.9335
101.5999999999985 72.9335
101.6999999999985 1
101.79999999999849 1
101.89999999999849 1
101.99999999999848 1
102.09999999999847 1
102.19999999999847 1
102.29999999999846 1
102.39999999999846 1
102.49999999999845 1
102.59999999999845 1
102.69999999999844 1
102.79999999999843 1
102.89999999999843 1
102.99999999999842 1
103.09999999999842 1
103.19999999999841 1
103.29999999999841 1
103.3999999999984 1
103.49999999999839 1
103.59999999999839 1
103.69999999999838 1
103.79999999999838 1
103.89999999999837 1
103.99999999999837 1
104.09999999999836 1
104.19999999999835 1
104.29999999999835 1
104.39999999999834 1
104.49999999999834 1
104.59999999999833 1
104.69999999999833 1
104.79999999999832 1
104.89999999999831 1
104.99999999999831 1
105.0999999999983 1
105.1999999999983 1
105.29999999999829 1
105.39999999999829 1
105.49999999999828 1
105.59999999999827 1
105.69999999999827 1
105.79999999999826 1
105.89999999999826 1
105.99999999999825 1
106.09999999999825 1
106.19999999999824 1
106.29999999999824 1
106.39999999999823 1
106.49999999999822 1
106.59999999999822 1
106.69999999999821 1
106.79999999999821 1
106.8999999999982 1
106.9999999999982 1
107.09999999999819 1
107.19999999999818 1
107.29999999999818 1
107.39999999999817 1
107.49999999999817 1
107.59999999999816 1
107.69999999999816 1
107.79999999999815 1
107.89999999999814 1
107.99999999999814 1
108.09999999999813 1
108.19999999999813 1
108.29999999999812 1
108.39999999999812 1
108.49999999999811 1
108.5999999999981 1
108.6999999999981 1
108.79999999999809 1
108.89999999999809 1
108.99999999999808 1
109.09999999999808 1
109.19999999999807 1
109.29999999999806 1
109.39999999999806 1
109.49999999999805 1
109.59999999999805 1
109.69999999999804 1
109.79999999999804 1
109.89999999999803 1
109.99999999999802 1
110.09999999999802 1
110.19999999999801 1
110.29999999999801 1
110.399999999998 1
110.499999999998 1
110.59999999999799 1
110.69999999999798 1
110.79999999999798 1
110.89999999999797 1
110.99999999999797 1
111.09999999999796 1
111.19999999999796 1
111.29999999999795 1
111.39999999999795 1
111.49999999999794 1
111.59999999999793 1
111.69999999999793 1
111.79999999999792 1
111.89999999999792 1
111.99999999999791 1
112.09999999999791 1
112.1999999999979 1
112.29999999999789 1
112.39999999999789 1
112.49999999999788 1
112.59999999999788 1
112.69999999999787 1
112.79999999999787 1
112.89999999999786 1
112.99999999999785 1
113.09999999999785 1
113.19999999999784 1
113.29999999999784 1
113.39999999999783 1
113.49999999999783 1
113.59999999999782 1
113.69999999999781 1
113.79999999999781 1
113.8999999999978 1
113.9999999999978 1
114.09999999999779 1
114.19999999999779 1
114.29999999999778 1
114.39999999999777 1
114.49999999999777 1
114.59999999999776 1
114.69999999999776 1
114.79999999999775 1
114.89999999999775 1
114.99999999999774 1
115.09999999999773 1
115.19999999999773 1
115.29999999999772 1
115.39999999999772 1
115.49999999999771 1
115.59999999999771 1
115.6999999999977 1
115.79999999999769 1
115.89999999999769 1
115.99999999999768 1
116.09999999999768 1
116.19999999999767 1
116.29999999999767 1
116.39999999999766 1
116.49999999999766 1
116.59999999999765 1
116.69999999999764 1
116.79999999999764 1
116.89999999999763 1
116.99999999999763 1
117.09999999999762 1
117.19999999999762 1
117.29999999999761 1
117.3999999999976 1
117.4999999999976 1
117.59999999999759 1
117.69999999999759 1
117.79999999999758 1
117.89999999999758 1
117.99999999999757 1
118.09999999999756 1
118.19999999999756 1
118.29999999999755 1
118.39999999999755 1
118.49999999999754 1
118.59999999999754 1
118.69999999999753 1
118.79999999999752 1
118.89999999999752 1
118.99999999999751 1
119.09999999999751 1
119.1999999999975 1
119.2999999999975 1
119.39999999999749 1
119.49999999999748 1
119.59999999999748 1
119.69999999999747 1
119.79999999999747 1
119.89999999999746 1
119.99999999999746 1
120.09999999999745 1
120.19999999999744 1
120.29999999999744 1
120.39999999999743 1
120.49999999999743 1
120.59999999999742 1
120.69999999999742 1
120.79999999999741 1
120.89999999999741 1
120.9999999999974 1
121.09999999999739 1
121.19999999999739 1
121.29999999999738 1
121.39999999999738 1
121.49999999999737 1
121.59999999999737 1
121.69999999999736 1
121.79999999999735 1
121.89999999999735 1
121.99999999999734 1
122.09999999999734 1
122.19999999999733 1
122.29999999999733 1
122.39999999999732 1
122.49999999999731 1
122.59999999999731 1
122.6999999999973 1
122.7999999999973 1
122.89999999999729 1
122.99999999999729 1
123.09999999999728 1
123.19999999999727 1
123.29999999999727 1
123.39999999999726 1
123.49999999999726 1
123.59999999999725 1
123.69999999999725 1
123.79999999999724 1
123.89999999999723 1
123.99999999999723 1
124.09999999999722 1
124.19999999999722 1
124.29999999999721 1
124.39999999999721 1
124.4999999999972 1
124.59999999999719 1
124.69999999999719 1
124.79999999999718 1
124.89999999999718 1
124.99999999999717 1
