0 1
0.10000000000000001 1
0.20000000000000001 1
0.30000000000000004 1
0.40000000000000002 1
0.5 1
0.59999999999999998 1
0.69999999999999996 1
0.79999999999999993 1
0.89999999999999991 1
0.99999999999999989 1
1.0999999999999999 3
1.2 3
1.3 3
1.4000000000000001 3
1.5000000000000002 3
1.6000000000000003 3
1.7000000000000004 3
1.8000000000000005 3
1.9000000000000006 3
2.0000000000000004 6
2.1000000000000005 6
2.2000000000000006 6
2.3000000000000007 6
2.4000000000000008 6
2.5000000000000009 6
2.600000000000001 6
2.7000000000000011 6
2.8000000000000012 6
2.9000000000000012 6
3.0000000000000013 7
3.1000000000000014 8
3.2000000000000015 9
3.3000000000000016 12
3.4000000000000017 12
3.5000000000000018 12
3.6000000000000019 12
3.700000000000002 12
3.800000000000002 12
3.9000000000000021 12
4.0000000000000018 12
4.1000000000000014 12
4.2000000000000011 12
4.3000000000000007 12
4.4000000000000004 12
4.5 10.5
4.5999999999999996 10.5
4.6999999999999993 10.5
4.7999999999999989 10.5
4.8999999999999986 10.5
4.9999999999999982 10.5
5.0999999999999979 10.5
5.1999999999999975 10.5
5.2999999999999972 10.5
5.3999999999999968 9.5
5.4999999999999964 9.5
5.5999999999999961 9.5
5.6999999999999957 9.5
5.7999999999999954 9.5
5.899999999999995 9.5
5.9999999999999947 9.5
6.0999999999999943 9.5
6.199999999999994 8.5
6.2999999999999936 8.5
6.3999999999999932 8.5
6.4999999999999929 8.5
6.5999999999999925 8.5
6.6999999999999922 8.5
6.7999999999999918 8.5
6.8999999999999915 8.5
6.9999999999999911 8.5
7.0999999999999908 8.5
7.1999999999999904 8.5
7.2999999999999901 8.5
7.3999999999999897 8.5
7.4999999999999893 8.5
7.599999999999989 8.5
7.6999999999999886 8.5
7.7999999999999883 8.5
7.8999999999999879 8.5
7.9999999999999876 8.5
8.0999999999999872 8.5
8.1999999999999869 8.5
8.2999999999999865 8.5
8.3999999999999861 8.5
8.4999999999999858 8.5
8.5999999999999854 8.5
8.6999999999999851 8.5
8.7999999999999847 8.5
8.8999999999999844 8.5
8.999999999999984 8.5
9.0999999999999837 8.5
9.1999999999999833 8.5
9.2999999999999829 8.5
9.3999999999999826 8.5
9.4999999999999822 8.5
9.5999999999999819 8.5
9.6999999999999815 8.5
9.7999999999999812 8.5
9.8999999999999808 8.5
9.9999999999999805 8.5
10.09999999999998 8.5
10.19999999999998 8.5
10.299999999999979 8.5
10.399999999999979 8.5
10.499999999999979 8.5
10.599999999999978 8.5
10.699999999999978 8.5
10.799999999999978 8.5
10.899999999999977 8.5
10.999999999999977 8.5
11.099999999999977 8.5
11.199999999999976 8.5
11.299999999999976 8.5
11.399999999999975 8.5
11.499999999999975 8.5
11.599999999999975 8.5
11.699999999999974 8.5
11.799999999999974 8.5
11.899999999999974 8.5
11.999999999999973 8.5
12.099999999999973 8.5
12.199999999999973 8.5
12.299999999999972 8.5
12.399999999999972 8.5
12.499999999999972 8.5
12.599999999999971 8.5
12.699999999999971 8.5
12.799999999999971 8.5
12.89999999999997 8.5
12.99999999999997 8.5
13.099999999999969 8.5
13.199999999999969 8.5
13.299999999999969 8.5
13.399999999999968 8.5
13.499999999999968 8.5
13.599999999999968 8.5
13.699999999999967 8.5
13.799999999999967 8.5
13.899999999999967 8.5
13.999999999999966 8.5
14.099999999999966 8.5
14.199999999999966 8.5
14.299999999999965 8.5
14.399999999999965 8.5
14.499999999999964 8.5
14.599999999999964 8.5
14.699999999999964 8.5
14.799999999999963 8.5
14.899999999999963 8.5
14.999999999999963 8.5
15.099999999999962 8.5
15.199999999999962 8.5
15.299999999999962 8.5
15.399999999999961 8.5
15.499999999999961 8.5
15.599999999999961 8.5
15.69999999999996 8.5
15.79999999999996 8.5
15.899999999999959 8.5
15.999999999999959 8.5
16.099999999999959 8.5
16.19999999999996 8.5
16.299999999999962 8.5
16.399999999999963 8.5
16.499999999999964 8.5
16.599999999999966 8.5
16.699999999999967 8.5
16.799999999999969 8.5
16.89999999999997 8.5
16.999999999999972 8.5
17.099999999999973 8.5
17.199999999999974 8.5
17.299999999999976 8.5
17.399999999999977 8.5
17.499999999999979 8.5
17.59999999999998 8.5
17.699999999999982 8.5
17.799999999999983 8.5
17.899999999999984 8.5
17.999999999999986 8.5
18.099999999999987 8.5
18.199999999999989 8.5
18.29999999999999 8.5
18.399999999999991 8.5
18.499999999999993 8.5
18.599999999999994 8.5
18.699999999999996 8.5
18.799999999999997 8.5
18.899999999999999 8.5
19 8.5
19.100000000000001 8.5
19.200000000000003 8.5
19.300000000000004 8.5
19.400000000000006 8.5
19.500000000000007 8.5
19.600000000000009 8.5
19.70000000000001 8.5
19.800000000000011 8.5
19.900000000000013 8.5
20.000000000000014 8.5
20.100000000000016 8.5
20.200000000000017 8.5
20.300000000000018 8.5
20.40000000000002 8.5
20.500000000000021 8.5
20.600000000000023 8.5
20.700000000000024 8.5
20.800000000000026 8.5
20.900000000000027 8.5
21.000000000000028 8.5
21.10000000000003 8.5
21.200000000000031 8.5
21.300000000000033 8.5
21.400000000000034 8.5
21.500000000000036 8.5
21.600000000000037 8.5
21.700000000000038 8.5
21.80000000000004 8.5
21.900000000000041 8.5
22.000000000000043 8.5
22.100000000000044 8.5
22.200000000000045 8.5
22.300000000000047 8.5
22.400000000000048 8.5
22.50000000000005 8.5
22.600000000000051 8.5
22.700000000000053 8.5
22.800000000000054 8.5
22.900000000000055 8.5
23.000000000000057 8.5
23.100000000000058 8.5
23.20000000000006 8.5
23.300000000000061 8.5
23.400000000000063 8.5
23.500000000000064 8.5
23.600000000000065 8.5
23.700000000000067 8.5
23.800000000000068 8.5
23.90000000000007 8.5
24.000000000000071 8.5
24.100000000000072 8.5
24.200000000000074 8.5
24.300000000000075 8.5
24.400000000000077 8.5
24.500000000000078 8.5
24.60000000000008 8.5
24.700000000000081 8.5
24.800000000000082 8.5
24.900000000000084 8.5
25.000000000000085 8.5
25.100000000000087 8.5
25.200000000000088 8.5
25.30000000000009 8.5
25.400000000000091 8.5
25.500000000000092 8.5
25.600000000000094 8.5
25.700000000000095 8.5
25.800000000000097 8.5
25.900000000000098 8.5
26.000000000000099 8.5
26.100000000000101 8.5
26.200000000000102 8.5
26.300000000000104 8.5
26.400000000000105 8.5
26.500000000000107 8.5
26.600000000000108 8.5
26.700000000000109 8.5
26.800000000000111 8.5
26.900000000000112 8.5
27.000000000000114 8.5
27.100000000000115 8.5
27.200000000000117 8.5
27.300000000000118 8.5
27.400000000000119 8.5
27.500000000000121 8.5
27.600000000000122 8.5
27.700000000000124 8.5
27.800000000000125 8.5
27.900000000000126 8.5
28.000000000000128 8.5
28.100000000000129 8.5
28.200000000000131 8.5
28.300000000000132 8.5
28.400000000000134 8.5
28.500000000000135 8.5
28.600000000000136 8.5
28.700000000000138 8.5
28.800000000000139 8.5
28.900000000000141 8.5
29.000000000000142 8.5
29.100000000000144 8.5
29.200000000000145 8.5
29.300000000000146 8.5
29.400000000000148 8.5
29.500000000000149 8.5
29.600000000000151 8.5
29.700000000000152 8.5
29.800000000000153 8.5
29.900000000000155 8.5
30.000000000000156 8.5
30.100000000000158 8.5
30.200000000000159 8.5
30.300000000000161 8.5
30.400000000000162 8.5
30.500000000000163 8.5
30.600000000000165 8.5
30.700000000000166 8.5
30.800000000000168 8.5
30.900000000000169 8.5
31.000000000000171 8.5
31.100000000000172 8.5
31.200000000000173 8.5
31.300000000000175 8.5
31.400000000000176 8.5
31.500000000000178 8.5
31.600000000000179 8.5
31.70000000000018 8.5
31.800000000000182 8.5
31.900000000000183 8.5
32.000000000000185 8.5
32.100000000000186 8.5
32.200000000000188 8.5
32.300000000000189 8.5
32.40000000000019 8.5
32.500000000000192 8.5
32.600000000000193 8.5
32.700000000000195 8.5
32.800000000000196 8.5
32.900000000000198 8.5
33.000000000000199 8.5
33.1000000000002 8.5
33.200000000000202 8.5
33.300000000000203 8.5
33.400000000000205 8.5
33.500000000000206 8.5
33.600000000000207 8.5
33.700000000000209 8.5
33.80000000000021 8.5
33.900000000000212 8.5
34.000000000000213 8.5
34.100000000000215 8.5
34.200000000000216 8.5
34.300000000000217 8.5
34.400000000000219 8.5
34.50000000000022 8.5
34.600000000000222 8.5
34.700000000000223 8.5
34.800000000000225 8.5
34.900000000000226 8.5
35.000000000000227 8.5
35.100000000000229 8.5
35.20000000000023 8.5
35.300000000000232 8.5
35.400000000000233 8.5
35.500000000000234 8.5
35.600000000000236 8.5
35.700000000000237 8.5
35.800000000000239 8.5
35.90000000000024 8.5
36.000000000000242 8.5
36.100000000000243 8.5
36.200000000000244 8.5
36.300000000000246 8.5
36.400000000000247 8.5
36.500000000000249 8.5
36.60000000000025 8.5
36.700000000000252 8.5
36.800000000000253 8.5
36.900000000000254 8.5
37.000000000000256 8.5
37.100000000000257 8.5
37.200000000000259 8.5
37.30000000000026 8.5
37.400000000000261 8.5
37.500000000000263 8.5
37.600000000000264 8.5
37.700000000000266 8.5
37.800000000000267 8.5
37.900000000000269 8.5
38.00000000000027 8.5
38.100000000000271 8.5
38.200000000000273 8.5
38.300000000000274 8.5
38.400000000000276 8.5
38.500000000000277 8.5
38.600000000000279 8.5
38.70000000000028 8.5
38.800000000000281 8.5
38.900000000000283 8.5
39.000000000000284 8.5
39.100000000000286 8.5
39.200000000000287 8.5
39.300000000000288 8.5
39.40000000000029 8.5
39.500000000000291 8.5
39.600000000000293 8.5
39.700000000000294 8.5
39.800000000000296 8.5
39.900000000000297 8.5
40.000000000000298 8.5
40.1000000000003 8.5
40.200000000000301 8.5
40.300000000000303 8.5
40.400000000000304 8.5
40.500000000000306 8.5
40.600000000000307 8.5
40.700000000000308 8.5
40.80000000000031 8.5
40.900000000000311 8.5
41.000000000000313 8.5
41.100000000000314 8.5
41.200000000000315 8.5
41.300000000000317 8.5
41.400000000000318 8.5
41.50000000000032 8.5
41.600000000000321 8.5
41.700000000000323 8.5
41.800000000000324 8.5
41.900000000000325 8.5
42.000000000000327 8.5
42.100000000000328 8.5
42.20000000000033 8.5
42.300000000000331 8.5
42.400000000000333 8.5
42.500000000000334 8.5
42.600000000000335 8.5
42.700000000000337 8.5
42.800000000000338 8.5
42.90000000000034 8.5
43.000000000000341 8.5
43.100000000000342 8.5
43.200000000000344 8.5
43.300000000000345 8.5
43.400000000000347 8.5
43.500000000000348 8.5
43.60000000000035 8.5
43.700000000000351 8.5
43.800000000000352 8.5
43.900000000000354 8.5
44.000000000000355 8.5
44.100000000000357 8.5
44.200000000000358 8.5
44.30000000000036 8.5
44.400000000000361 8.5
44.500000000000362 8.5
44.600000000000364 8.5
44.700000000000365 8.5
44.800000000000367 8.5
44.900000000000368 8.5
45.000000000000369 8.5
45.100000000000371 8.5
45.200000000000372 8.5
45.300000000000374 8.5
45.400000000000375 8.5
45.500000000000377 8.5
45.600000000000378 8.5
45.700000000000379 8.5
45.800000000000381 8.5
45.900000000000382 8.5
46.000000000000384 8.5
46.100000000000385 8.5
46.200000000000387 8.5
46.300000000000388 8.5
46.400000000000389 8.5
46.500000000000391 8.5
46.600000000000392 8.5
46.700000000000394 8.5
46.800000000000395 8.5
46.900000000000396 8.5
47.000000000000398 8.5
47.100000000000399 8.5
47.200000000000401 8.5
47.300000000000402 8.5
47.400000000000404 8.5
47.500000000000405 8.5
47.600000000000406 8.5
47.700000000000408 8.5
47.800000000000409 8.5
47.900000000000411 8.5
48.000000000000412 8.5
48.100000000000414 8.5
48.200000000000415 8.5
48.300000000000416 8.5
48.400000000000418 8.5
48.500000000000419 8.5
48.600000000000421 8.5
48.700000000000422 8.5
48.800000000000423 8.5
48.900000000000425 8.5
49.000000000000426 8.5
49.100000000000428 8.5
49.200000000000429 8.5
49.300000000000431 8.5
49.400000000000432 8.5
49.500000000000433 8.5
49.600000000000435 8.5
49.700000000000436 8.5
49.800000000000438 8.5
49.900000000000439 8.5
50.000000000000441 8.5
50.100000000000442 8.5
50.200000000000443 8.5
50.300000000000445 8.5
50.400000000000446 8.5
50.500000000000448 8.5
50.600000000000449 8.5
50.70000000000045 8.5
50.800000000000452 8.5
50.900000000000453 8.5
51.000000000000455 8.5
51.100000000000456 8.5
51.200000000000458 8.5
51.300000000000459 8.5
51.40000000000046 8.5
51.500000000000462 8.5
51.600000000000463 8.5
51.700000000000465 8.5
51.800000000000466 8.5
51.900000000000468 8.5
52.000000000000469 8.5
52.10000000000047 8.5
52.200000000000472 8.5
52.300000000000473 8.5
52.400000000000475 8.5
52.500000000000476 8.5
52.600000000000477 8.5
52.700000000000479 8.5
52.80000000000048 8.5
52.900000000000482 8.5
53.000000000000483 8.5
53.100000000000485 8.5
53.200000000000486 8.5
53.300000000000487 8.5
53.400000000000489 8.5
53.50000000000049 8.5
53.600000000000492 8.5
53.700000000000493 8.5
53.800000000000495 8.5
53.900000000000496 8.5
54.000000000000497 8.5
54.100000000000499 8.5
54.2000000000005 8.5
54.300000000000502 8.5
54.400000000000503 8.5
54.500000000000504 8.5
54.600000000000506 8.5
54.700000000000507 8.5
54.800000000000509 8.5
54.90000000000051 8.5
55.000000000000512 8.5
55.100000000000513 8.5
55.200000000000514 8.5
55.300000000000516 8.5
55.400000000000517 8.5
55.500000000000519 8.5
55.60000000000052 8.5
55.700000000000522 8.5
55.800000000000523 8.5
55.900000000000524 8.5
56.000000000000526 8.5
56.100000000000527 8.5
56.200000000000529 8.5
56.30000000000053 8.5
56.400000000000531 8.5
56.500000000000533 8.5
56.600000000000534 8.5
56.700000000000536 8.5
56.800000000000537 8.5
56.900000000000539 8.5
57.00000000000054 8.5
57.100000000000541 8.5
57.200000000000543 8.5
57.300000000000544 8.5
57.400000000000546 8.5
57.500000000000547 8.5
57.600000000000549 8.5
57.70000000000055 8.5
57.800000000000551 8.5
57.900000000000553 8.5
58.000000000000554 8.5
58.100000000000556 8.5
58.200000000000557 8.5
58.300000000000558 8.5
58.40000000000056 8.5
58.500000000000561 8.5
58.600000000000563 8.5
58.700000000000564 8.5
58.800000000000566 8.5
58.900000000000567 8.5
59.000000000000568 8.5
59.10000000000057 8.5
59.200000000000571 8.5
59.300000000000573 8.5
59.400000000000574 8.5
59.500000000000576 8.5
59.600000000000577 8.5
59.700000000000578 8.5
59.80000000000058 8.5
59.900000000000581 8.5
60.000000000000583 8.5
60.100000000000584 8.5
60.200000000000585 8.5
60.300000000000587 8.5
60.400000000000588 8.5
60.50000000000059 8.5
60.600000000000591 8.5
60.700000000000593 8.5
60.800000000000594 8.5
60.900000000000595 8.5
61.000000000000597 8.5
61.100000000000598 8.5
61.2000000000006 8.5
61.300000000000601 8.5
61.400000000000603 8.5
61.500000000000604 8.5
61.600000000000605 8.5
61.700000000000607 8.5
61.800000000000608 8.5
61.90000000000061 8.5
62.000000000000611 8.5
62.100000000000612 8.5
62.200000000000614 8.5
62.300000000000615 8.5
62.400000000000617 8.5
62.500000000000618 8.5
62.60000000000062 8.5
62.700000000000621 8.5
62.800000000000622 8.5
62.900000000000624 8.5
63.000000000000625 8.5
63.100000000000627 8.5
63.200000000000628 8.5
63.30000000000063 8.5
63.400000000000631 8.5
63.500000000000632 8.5
63.600000000000634 8.5
63.700000000000635 8.5
63.800000000000637 8.5
63.900000000000638 8.5
64.000000000000639 8.5
64.100000000000634 8.5
64.200000000000628 8.5
64.300000000000622 8.5
64.400000000000617 8.5
64.500000000000611 8.5
64.600000000000605 8.5
64.7000000000006 8.5
64.800000000000594 8.5
64.900000000000588 8.5
65.000000000000583 8.5
65.100000000000577 8.5
65.200000000000571 8.5
65.300000000000566 8.5
65.40000000000056 8.5
65.500000000000554 8.5
65.600000000000549 8.5
65.700000000000543 8.5
65.800000000000537 8.5
65.900000000000531 8.5
66.000000000000526 8.5
66.10000000000052 8.5
66.200000000000514 8.5
66.300000000000509 8.5
66.400000000000503 8.5
66.500000000000497 8.5
66.600000000000492 8.5
66.700000000000486 8.5
66.80000000000048 8.5
66.900000000000475 8.5
67.000000000000469 8.5
67.100000000000463 8.5
67.200000000000458 8.5
67.300000000000452 8.5
67.400000000000446 8.5
67.500000000000441 8.5
67.600000000000435 8.5
67.700000000000429 8.5
67.800000000000423 8.5
67.900000000000418 8.5
68.000000000000412 8.5
68.100000000000406 8.5
68.200000000000401 8.5
68.300000000000395 8.5
68.400000000000389 8.5
68.500000000000384 8.5
68.600000000000378 8.5
68.700000000000372 8.5
68.800000000000367 8.5
68.900000000000361 8.5
69.000000000000355 8.5
69.10000000000035 8.5
69.200000000000344 8.5
69.300000000000338 8.5
69.400000000000333 8.5
69.500000000000327 8.5
69.600000000000321 8.5
69.700000000000315 8.5
69.80000000000031 8.5
69.900000000000304 8.5
70.000000000000298 8.5
70.100000000000293 8.5
70.200000000000287 8.5
70.300000000000281 8.5
70.400000000000276 8.5
70.50000000000027 8.5
70.600000000000264 8.5
70.700000000000259 8.5
70.800000000000253 8.5
70.900000000000247 8.5
71.000000000000242 8.5
71.100000000000236 8.5
71.20000000000023 8.5
71.300000000000225 8.5
71.400000000000219 8.5
71.500000000000213 8.5
71.600000000000207 8.5
71.700000000000202 8.5
71.800000000000196 8.5
71.90000000000019 8.5
72.000000000000185 8.5
72.100000000000179 8.5
72.200000000000173 8.5
72.300000000000168 8.5
72.400000000000162 8.5
72.500000000000156 8.5
72.600000000000151 8.5
72.700000000000145 8.5
72.800000000000139 8.5
72.900000000000134 8.5
73.000000000000128 8.5
73.100000000000122 8.5
73.200000000000117 8.5
73.300000000000111 8.5
73.400000000000105 8.5
73.500000000000099 8.5
73.600000000000094 8.5
73.700000000000088 8.5
73.800000000000082 8.5
73.900000000000077 8.5
74.000000000000071 8.5
74.100000000000065 8.5
74.20000000000006 8.5
74.300000000000054 8.5
74.400000000000048 8.5
74.500000000000043 8.5
74.600000000000037 8.5
74.700000000000031 8.5
74.800000000000026 8.5
74.90000000000002 8.5
75.000000000000014 8.5
75.100000000000009 8.5
75.200000000000003 8.5
75.299999999999997 8.5
75.399999999999991 8.5
75.499999999999986 8.5
75.59999999999998 8.5
75.699999999999974 8.5
75.799999999999969 8.5
75.899999999999963 8.5
75.999999999999957 8.5
76.099999999999952 8.5
76.199999999999946 8.5
76.29999999999994 8.5
76.399999999999935 8.5
76.499999999999929 8.5
76.599999999999923 8.5
76.699999999999918 8.5
76.799999999999912 8.5
76.899999999999906 8.5
76.999999999999901 8.5
77.099999999999895 8.5
77.199999999999889 8.5
77.299999999999883 8.5
77.399999999999878 8.5
77.499999999999872 8.5
77.599999999999866 8.5
77.699999999999861 8.5
77.799999999999855 8.5
77.899999999999849 8.5
77.999999999999844 8.5
78.099999999999838 8.5
78.199999999999832 8.5
78.299999999999827 8.5
78.399999999999821 8.5
78.499999999999815 8.5
78.59999999999981 8.5
78.699999999999804 8.5
78.799999999999798 8.5
78.899999999999793 8.5
78.999999999999787 8.5
79.099999999999781 8.5
79.199999999999775 8.5
79.29999999999977 8.5
79.399999999999764 8.5
79.499999999999758 8.5
79.599999999999753 8.5
79.699999999999747 8.5
79.799999999999741 8.5
79.899999999999736 8.5
79.99999999999973 8.5
80.099999999999724 8.5
80.199999999999719 8.5
80.299999999999713 8.5
80.399999999999707 8.5
80.499999999999702 8.5
80.599999999999696 8.5
80.69999999999969 8.5
80.799999999999685 8.5
80.899999999999679 8.5
80.999999999999673 8.5
81.099999999999667 8.5
81.199999999999662 8.5
81.299999999999656 8.5
81.39999999999965 8.5
81.499999999999645 8.5
81.599999999999639 8.5
81.699999999999633 8.5
81.799999999999628 8.5
81.899999999999622 8.5
81.999999999999616 8.5
82.099999999999611 8.5
82.199999999999605 8.5
82.299999999999599 8.5
82.399999999999594 8.5
82.499999999999588 8.5
82.599999999999582 8.5
82.699999999999577 8.5
82.799999999999571 8.5
82.899999999999565 8.5
82.999999999999559 8.5
83.099999999999554 8.5
83.199999999999548 8.5
83.299999999999542 8.5
83.399999999999537 8.5
83.499999999999531 8.5
83.599999999999525 8.5
83.69999999999952 8.5
83.799999999999514 8.5
83.899999999999508 8.5
83.999999999999503 8.5
84.099999999999497 8.5
84.199999999999491 8.5
84.299999999999486 8.5
84.39999999999948 8.5
84.499999999999474 8.5
84.599999999999469 8.5
84.699999999999463 8.5
84.799999999999457 8.5
84.899999999999451 8.5
84.999999999999446 8.5
85.09999999999944 8.5
85.199999999999434 8.5
85.299999999999429 8.5
85.399999999999423 8.5
85.499999999999417 8.5
85.599999999999412 8.5
85.699999999999406 8.5
85.7999999999994 8.5
85.899999999999395 8.5
85.999999999999389 8.5
86.099999999999383 8.5
86.199999999999378 8.5
86.299999999999372 8.5
86.399999999999366 8.5
86.499999999999361 8.5
86.599999999999355 8.5
86.699999999999349 8.5
86.799999999999343 8.5
86.899999999999338 8.5
86.999999999999332 8.5
87.099999999999326 8.5
87.199999999999321 8.5
87.299999999999315 8.5
87.399999999999309 8.5
87.499999999999304 8.5
87.599999999999298 8.5
87.699999999999292 8.5
87.799999999999287 8.5
87.899999999999281 8.5
87.999999999999275 8.5
88.09999999999927 8.5
88.199999999999264 8.5
88.299999999999258 8.5
88.399999999999253 8.5
88.499999999999247 8.5
88.599999999999241 8.5
88.699999999999235 8.5
88.79999999999923 8.5
88.899999999999224 8.5
88.999999999999218 8.5
89.099999999999213 8.5
89.199999999999207 8.5
89.299999999999201 8.5
89.399999999999196 8.5
89.49999999999919 8.5
89.599999999999184 8.5
89.699999999999179 8.5
89.799999999999173 8.5
89.899999999999167 8.5
89.999999999999162 8.5
90.099999999999156 8.5
90.19999999999915 8.5
90.299999999999145 8.5
90.399999999999139 8.5
90.499999999999133 8.5
90.599999999999127 8.5
90.699999999999122 8.5
90.799999999999116 8.5
90.89999999999911 8.5
90.999999999999105 8.5
91.099999999999099 8.5
91.199999999999093 8.5
91.299999999999088 8.5
91.399999999999082 8.5
91.499999999999076 8.5
91.599999999999071 8.5
91.699999999999065 8.5
91.799999999999059 8.5
91.899999999999054 8.5
91.999999999999048 8.5
92.099999999999042 8.5
92.199999999999037 8.5
92.299999999999031 8.5
92.399999999999025 8.5
92.499999999999019 8.5
92.599999999999014 8.5
92.699999999999008 8.5
92.799999999999002 8.5
92.899999999998997 8.5
92.999999999998991 8.5
93.099999999998985 8.5
93.19999999999898 8.5
93.299999999998974 8.5
93.399999999998968 8.5
93.499999999998963 8.5
93.599999999998957 8.5
93.699999999998951 8.5
93.799999999998946 8.5
93.89999999999894 8.5
93.999999999998934 8.5
94.099999999998929 8.5
94.199999999998923 8.5
94.299999999998917 8.5
94.399999999998911 8.5
94.499999999998906 8.5
94.5999999999989 8.5
94.699999999998894 8.5
94.799999999998889 8.5
94.899999999998883 8.5
94.999999999998877 8.5
95.099999999998872 8.5
95.199999999998866 8.5
95.29999999999886 8.5
95.399999999998855 8.5
95.499999999998849 8.5
95.599999999998843 8.5
95.699999999998838 8.5
95.799999999998832 8.5
95.899999999998826 8.5
95.99999999999882 8.5
96.099999999998815 8.5
96.199999999998809 8.5
96.299999999998803 8.5
96.399999999998798 8.5
96.499999999998792 8.5
96.599999999998786 8.5
96.699999999998781 8.5
96.799999999998775 8.5
96.899999999998769 8.5
96.999999999998764 8.5
97.099999999998758 8.5
97.199999999998752 8.5
97.299999999998747 8.5
97.399999999998741 8.5
97.499999999998735 8.5
97.59999999999873 8.5
97.699999999998724 8.5
97.799999999998718 8.5
97.899999999998712 8.5
97.999999999998707 8.5
98.099999999998701 8.5
98.199999999998695 8.5
98.29999999999869 8.5
98.399999999998684 8.5
98.499999999998678 8.5
98.599999999998673 8.5
98.699999999998667 8.5
98.799999999998661 8.5
98.899999999998656 8.5
98.99999999999865 8.5
99.099999999998644 8.5
99.199999999998639 8.5
99.299999999998633 8.5
99.399999999998627 8.5
99.499999999998622 8.5
99.599999999998616 8.5
99.69999999999861 8.5
99.799999999998604 8.5
99.899999999998599 8.5
99.999999999998593 8.5
100.09999999999859 8.5
100.19999999999858 8.5
100.29999999999858 8.5
100.39999999999857 8.5
100.49999999999856 8.5
100.59999999999856 8.5
100.69999999999855 8.5
100.79999999999855 8.5
100.89999999999854 8.5
100.99999999999854 8.5
101.09999999999853 8.5
101.19999999999852 8.5
101.29999999999852 8.5
101.39999999999851 8.5
101.49999999999851 2
101.5999999999985 2
101.6999999999985 2
101.79999999999849 2
101.89999999999849 2
101.99999999999848 2
102.09999999999847 2
102.19999999999847 2
102.29999999999846 2
102.39999999999846 2
102.49999999999845 2
102.59999999999845 2
102.69999999999844 2
102.79999999999843 2
102.89999999999843 2
102.99999999999842 2
103.09999999999842 2
103.19999999999841 2
103.29999999999841 2
103.3999999999984 2
103.49999999999839 2
103.59999999999839 2
103.69999999999838 2
103.79999999999838 2
103.89999999999837 2
103.99999999999837 2
104.09999999999836 2
104.19999999999835 2
104.29999999999835 2
104.39999999999834 2
104.49999999999834 2
104.59999999999833 2
104.69999999999833 2
104.79999999999832 2
104.89999999999831 2
104.99999999999831 2
105.0999999999983 2
105.1999999999983 2
105.29999999999829 2
105.39999999999829 2
105.49999999999828 2
105.59999999999827 2
105.69999999999827 2
105.79999999999826 2
105.89999999999826 2
105.99999999999825 2
106.09999999999825 2
106.19999999999824 2
106.29999999999824 2
106.39999999999823 2
106.49999999999822 2
106.59999999999822 2
106.69999999999821 2
106.79999999999821 2
106.8999999999982 2
106.9999999999982 2
107.09999999999819 2
107.19999999999818 2
107.29999999999818 2
107.39999999999817 2
107.49999999999817 2
107.59999999999816 2
107.69999999999816 2
107.79999999999815 2
107.89999999999814 2
107.99999999999814 2
108.09999999999813 2
108.19999999999813 2
108.29999999999812 2
108.39999999999812 2
108.49999999999811 2
108.5999999999981 2
108.6999999999981 2
108.79999999999809 2
108.89999999999809 2
108.99999999999808 2
109.09999999999808 2
109.19999999999807 2
109.29999999999806 2
109.39999999999806 2
109.49999999999805 2
109.59999999999805 2
109.69999999999804 2
109.79999999999804 2
109.89999999999803 2
109.99999999999802 2
110.09999999999802 2
110.19999999999801 2
110.29999999999801 2
110.399999999998 2
110.499999999998 2
110.59999999999799 2
110.69999999999798 2
110.79999999999798 2
110.89999999999797 2
110.99999999999797 2
111.09999999999796 2
111.19999999999796 2
111.29999999999795 2
111.39999999999795 2
111.49999999999794 2
111.59999999999793 2
111.69999999999793 2
111.79999999999792 2
111.89999999999792 2
111.99999999999791 2
112.09999999999791 2
112.1999999999979 2
112.29999999999789 2
112.39999999999789 2
112.49999999999788 2
112.59999999999788 2
112.69999999999787 2
112.79999999999787 2
112.89999999999786 2
112.99999999999785 2
113.09999999999785 2
113.19999999999784 2
113.29999999999784 2
113.39999999999783 2
113.49999999999783 2
113.59999999999782 2
113.69999999999781 2
113.79999999999781 2
113.8999999999978 2
113.9999999999978 2
114.09999999999779 2
114.19999999999779 2
114.29999999999778 2
114.39999999999777 2
114.49999999999777 2
114.59999999999776 2
114.69999999999776 2
114.79999999999775 2
114.89999999999775 2
114.99999999999774 2
115.09999999999773 2
115.19999999999773 2
115.29999999999772 2
115.39999999999772 2
115.49999999999771 2
115.59999999999771 2
115.6999999999977 2
115.79999999999769 2
115.89999999999769 2
115.99999999999768 2
116.09999999999768 2
116.19999999999767 2
116.29999999999767 2
116.39999999999766 2
116.49999999999766 2
116.59999999999765 2
116.69999999999764 2
116.79999999999764 2
116.89999999999763 2
116.99999999999763 2
117.09999999999762 2
117.19999999999762 2
117.29999999999761 2
117.3999999999976 2
117.4999999999976 2
117.59999999999759 2
117.69999999999759 2
117.79999999999758 2
117.89999999999758 2
117.99999999999757 2
118.09999999999756 2
118.19999999999756 2
118.29999999999755 2
118.39999999999755 2
118.49999999999754 2
118.59999999999754 2
118.69999999999753 2
118.79999999999752 2
118.89999999999752 2
118.99999999999751 2
119.09999999999751 2
119.1999999999975 2
119.2999999999975 2
119.39999999999749 2
119.49999999999748 2
119.59999999999748 2
119.69999999999747 2
119.79999999999747 2
119.89999999999746 2
119.99999999999746 2
120.09999999999745 2
120.19999999999744 2
120.29999999999744 2
120.39999999999743 2
120.49999999999743 2
120.59999999999742 2
120.69999999999742 2
120.79999999999741 2
120.89999999999741 2
120.9999999999974 2
121.09999999999739 2
121.19999999999739 2
121.29999999999738 2
121.39999999999738 2
121.49999999999737 2
121.59999999999737 2
121.69999999999736 2
121.79999999999735 2
121.89999999999735 2
121.99999999999734 2
122.09999999999734 2
122.19999999999733 2
122.29999999999733 2
122.39999999999732 2
122.49999999999731 2
122.59999999999731 2
122.6999999999973 2
122.7999999999973 2
122.89999999999729 2
122.99999999999729 2
123.09999999999728 2
123.19999999999727 2
123.29999999999727 2
123.39999999999726 2
123.49999999999726 2
123.59999999999725 2
123.69999999999725 2
123.79999999999724 2
123.89999999999723 2
123.99999999999723 2
124.09999999999722 2
124.19999999999722 2
124.29999999999721 2
124.39999999999721 2
124.4999999999972 2
124.59999999999719 2
124.69999999999719 2
124.79999999999718 2
124.89999999999718 2
124.99999999999717 2
